3.792049287856071732e-02 9.734989648033126608e-01 7.067438692098093611e-01 1.781967213114754058e-04 1.406616306329773307e-04 4.021641118124436292e-04 1.829787234042553170e-03 1.358234295415959234e-02 2.546747967479674746e-03 8.529211778858726278e-01 5.229793977812995376e-01 1.781170483460559615e-04 0.000000000000000000e+00 2.291102392477803798e-02 1.258555133079847883e-04 9.868421052631578538e-01
1.683611319340329792e-03 3.122153209109730931e-01 1.743869209809264520e-01 1.846994535519125595e-03 1.479551966657983867e-03 4.981064021641118042e-04 1.485957446808510536e-03 8.319185059422749828e-02 1.406504065040650427e-03 1.125581881897588787e-01 9.416067292453980109e-01 3.816793893129770952e-04 2.217049107637734300e-04 2.727607996844788954e-03 9.695817490494295374e-04 2.982456140350877027e-01
1.394853354572713755e-01 3.546583850931676607e-01 1.566757493188010997e-01 6.450819672131146744e-03 6.710080750195363507e-03 2.899909828674481632e-02 1.806808510638297990e-02 1.120543293718166411e-01 1.033197831978319853e-02 1.621423714629426360e-01 8.899183225649153206e-01 1.063613231552162745e-02 1.330229464582640408e-01 2.490355127623805620e-02 8.363498098859315291e-03 2.807017543859648967e-01
7.301232196401799546e-02 9.242236024844719955e-01 8.821525885558583191e-01 4.336065573770491463e-04 4.446470435009116946e-04 1.150586113615870154e-02 1.971914893617021051e-03 3.565365025466893378e-02 3.317073170731707661e-03 1.000000000000000000e+00 4.463001340972814757e-01 1.577608142493638725e-03 1.086354062742489746e-01 8.566690405628201235e-03 3.661596958174904472e-04 9.166666666666665186e-01
2.594405922038980648e-05 3.573498964803312750e-01 1.852861035422343761e-01 2.814207650273223879e-05 2.886168272987756984e-05 6.212804328223624651e-04 6.382978723404254991e-05 1.867572156196944111e-01 4.688346883468835118e-04 1.017835660860923752e-01 8.765085944166769449e-01 1.832061068702289959e-04 0.000000000000000000e+00 5.260757359273791564e-05 1.444866920152091186e-04 3.304093567251461527e-01
1.620414402173913082e-01 3.498964803312629157e-01 2.574931880108992099e-01 2.230874316939890703e-02 2.120083355040374914e-02 3.045987376014427581e-02 4.114893617021276456e-02 2.105263157894736725e-01 1.494579945799458069e-02 7.939745802604739056e-02 9.253931488479824052e-01 2.473282442748091572e-02 8.369360381332446863e-02 3.026680315005350619e-02 3.045399239543725850e-02 3.201754385964912242e-01
1.745221139430284951e-03 2.434782608695651995e-01 2.779291553133515502e-01 1.583879781420764960e-03 1.691065381609794171e-03 7.664562669071235679e-04 1.161702127659574452e-03 7.809847198641765853e-02 8.807588075880759884e-04 1.217636905695904659e-01 8.722418627331464114e-01 2.900763358778625837e-04 0.000000000000000000e+00 2.283451321266440244e-03 2.139163498098858949e-03 1.929824561403508665e-01
1.130294227886056946e-05 2.331262939958592129e-01 2.237738419618529040e-01 2.052459016393442452e-04 2.103933315967699972e-04 1.154192966636609634e-04 1.651063829787234019e-04 4.753820033955857283e-01 5.697831978319783681e-04 3.080705057795909627e-02 9.647689869559917808e-01 3.307888040712468050e-04 0.000000000000000000e+00 5.478469211806818231e-05 1.410646387832699487e-04 2.616959064327485374e-01
4.501762790479760246e-01 2.538302277432712417e-01 2.534059945504087419e-01 5.344262295081966818e-02 5.477989059650950621e-02 7.834986474301172676e-02 5.205957446808510275e-02 5.212224108658743971e-01 6.646341463414634498e-02 2.453057168261938564e-02 9.800073143971718137e-01 4.053435114503816522e-02 5.958319476776410828e-02 1.537948754383988877e-02 4.112167300380227541e-02 2.573099415204678220e-01
4.911801911544227614e-03 1.824016563146997894e-01 3.303814713896457977e-01 1.505191256830601051e-02 1.523573847356082291e-02 9.260595130748422443e-02 2.177872340425532002e-02 5.314091680814940766e-01 6.856368563685637241e-02 2.437365971023589331e-02 9.620870413263440390e-01 1.335368956743002503e-02 2.291320252743598521e-03 6.265486076021065977e-03 1.475665399239543644e-02 1.988304093567251629e-01
5.071682908545727467e-03 4.223602484472049334e-01 3.358310626702997181e-01 4.745901639344261846e-03 4.571502995571763775e-03 2.856627592425608608e-03 2.554042553191489436e-03 6.451612903225806273e-02 2.453929539295393158e-03 4.275328207542234971e-01 7.722784347190052578e-01 7.124681933842238676e-03 3.467464804345416624e-02 6.056717710032143848e-03 3.512547528517109829e-03 3.567251461988303896e-01
8.163886806596701512e-04 3.699792960662526276e-01 3.055177111716621541e-01 4.360655737704917509e-04 4.469914040114613199e-04 5.734896302975653858e-04 4.506382978723404045e-04 3.005093378607809895e-01 1.104336043360433766e-03 1.318583607929285084e-01 7.989759843959527430e-01 1.170483460559796404e-03 0.000000000000000000e+00 2.310241208718078181e-04 5.007604562737641559e-04 3.216374269005847775e-01
3.894537106446776793e-05 3.747412008281573725e-01 1.389645776566757751e-01 1.742896174863387947e-03 1.786923678041156581e-03 7.398557258791704262e-03 1.107234042553191565e-03 3.259762308998302438e-01 3.976964769647696636e-03 9.032899210209738294e-02 9.049128367670364881e-01 2.035623409669211174e-03 4.877508036803015513e-03 5.269369378756901803e-04 7.064638783269961515e-04 3.845029239766081242e-01
8.433283358320839765e-03 6.213250517598344347e-01 2.861035422343324863e-01 4.180327868852458904e-03 4.284970044282365026e-03 6.743011722272317619e-03 2.346382978723404386e-02 3.395585738539898257e-02 6.795392953929539452e-03 3.274229823735551048e-01 7.567962940387662485e-01 3.613231552162849899e-03 3.969626427225363238e-04 1.104785287227752349e-01 2.813688212927756543e-03 4.576023391812865104e-01
2.524128560719640242e-05 2.656314699792960421e-01 3.123297002724795823e-01 2.032786885245901399e-04 2.083876009377442096e-04 1.857529305680793465e-04 3.888510638297872210e-04 2.784380305602716654e-01 7.039295392953930130e-04 6.537998849312202931e-02 8.705351700597342424e-01 5.547073791348599951e-04 1.408934707903780170e-04 2.137725234432413736e-04 5.095057034220531848e-04 2.412280701754385692e-01
1.215798350824587662e-02 2.242236024844720399e-01 4.819482288828338401e-01 9.371584699453551145e-03 7.814535035165407970e-03 1.034265103697024415e-02 6.000000000000000125e-03 1.154499151103565435e-01 9.193766937669376957e-03 6.993043569224331735e-02 8.377422894063147885e-01 1.450381679389312929e-02 3.990688393747921468e-03 7.885152025017400784e-03 1.167794676806083523e-02 2.032163742690058228e-01
1.787856071964018072e-03 2.169772256728778603e-01 3.480926430517711778e-01 2.153551912568305721e-02 1.994790309976556333e-02 2.305680793507664528e-01 2.691063829787233852e-02 5.195246179966044320e-01 1.592140921409214149e-01 2.447826769182488357e-02 9.584298427404608356e-01 3.028498727735368795e-02 0.000000000000000000e+00 7.934072123245681368e-03 1.946920152091254422e-02 2.397660818713449882e-01
1.344991566716641739e-03 6.074534161490683370e-01 2.057220708446866608e-01 2.972677595628415092e-05 3.047668663714508876e-05 3.619477006311992663e-04 1.513191489361702196e-04 1.103565365025466899e-01 3.928861788617886669e-04 1.343689523510643857e-01 8.227477752041935100e-01 2.544529262086513968e-04 0.000000000000000000e+00 2.139279225503588466e-04 1.266159695817490423e-04 5.380116959064327187e-01
6.595530359820090012e-03 8.693581780538303105e-01 4.686648501362398189e-01 1.544262295081967238e-04 7.429017973430580282e-05 6.500450856627592493e-04 7.096170212765957799e-04 2.037351443123939024e-02 6.331300813008130645e-04 4.445839217532297494e-01 6.157503352432036614e-01 5.852417302798982018e-04 7.759671876732069371e-05 5.710744946176838505e-03 2.528517110266159575e-04 8.567251461988304451e-01
3.103916791604197994e-06 2.401656314699792960e-01 2.598773841961853348e-01 1.633879781420765037e-04 1.674915342537119077e-04 7.926059513074842217e-04 1.982978723404255376e-04 6.112054329371816586e-01 3.741869918699187135e-03 4.461530414770646658e-02 9.483115933195173097e-01 2.035623409669211066e-04 0.000000000000000000e+00 5.003774697897782022e-05 2.129277566539923810e-04 2.763157894736841813e-01
2.752529985007496228e-03 7.045548654244306874e-01 4.407356948228883242e-01 8.549180327868851888e-05 5.212294868455326444e-04 1.388638412984670911e-04 2.468085106382978669e-04 2.376910016977928572e-02 1.327913279132791544e-04 5.253412835399340342e-01 6.630501036206266630e-01 5.190839694656488354e-05 0.000000000000000000e+00 1.708847429686367100e-03 9.581749049429656739e-05 7.032163742690057395e-01
6.433775299850075235e-02 4.919254658385093237e-01 2.602179836512261701e-01 1.051366120218579208e-03 1.076321958843448742e-03 1.790802524797114595e-03 1.900425531914893499e-03 4.414261460101867596e-02 1.080623306233062303e-03 2.777864951095768697e-01 7.984883579178349011e-01 2.493638676844783623e-03 4.323245759893581952e-03 6.780813246120680378e-03 2.281749049429657433e-03 4.298245614035087203e-01
2.994342672413793146e-03 2.585921325051759867e-01 2.874659400544959387e-01 2.272677595628414936e-03 2.615264391768689495e-03 1.532912533814247136e-03 2.230638297872340574e-03 1.103565365025466899e-01 3.523035230352303954e-03 1.100999006224174931e-01 8.880897232719736634e-01 1.017811704834605587e-03 0.000000000000000000e+00 3.081553576959347382e-03 3.566539923954372294e-03 2.499999999999999722e-01
3.516034951274362580e-02 4.830227743271220953e-01 1.000000000000000000e+00 5.163934426229507433e-04 2.422505860901276356e-04 2.651036970243462673e-03 1.280851063829787110e-03 1.561969439728353171e-01 1.527777777777777858e-03 2.854751817563679905e-01 4.128977203462148027e-01 8.142493638676844264e-04 0.000000000000000000e+00 1.255529096403674993e-03 5.414448669201520677e-04 4.166666666666666297e-01
4.984986998688156201e-01 3.484472049689440465e-01 2.094686648501362658e-01 9.614754098360654699e-02 8.830424589736909913e-02 8.566275924256086527e-02 1.269787234042553115e-01 1.375212224108658676e-01 4.132791327913279411e-02 1.548721167425074485e-01 8.739485554065585804e-01 1.119083969465648754e-01 1.982041902228134367e-01 1.424717340430294854e-01 1.475665399239543540e-01 2.821637426900584500e-01
8.960363568215891532e-06 3.097308488612836586e-01 1.505449591280653976e-01 9.218579234972676712e-06 9.450377702526699465e-06 2.281334535617673804e-05 2.125957446808510480e-04 6.536502546689303417e-01 1.266937669376693928e-04 9.440870338406820439e-02 9.297817871510423160e-01 2.137404580152671755e-05 0.000000000000000000e+00 1.733350730276133752e-05 4.448669201520912057e-05 2.514619883040935533e-01
3.379169790104947515e-04 3.935817805383022838e-01 1.164850136239782147e-01 6.245901639344262095e-04 6.402709038812190792e-04 6.943192064923354827e-03 5.822978723404255473e-04 4.006791171477079860e-01 3.523035230352303954e-03 6.595533239186149310e-02 9.118615140802145413e-01 6.615776081424936100e-04 2.261390089790488861e-02 2.850471277111475622e-04 3.422053231939163392e-04 3.362573099415204214e-01
6.495385119940030351e-03 2.000000000000000111e-01 4.856948228882834173e-01 8.937158469945354067e-03 1.121906746548580365e-02 8.236248872858431200e-03 5.245106382978723635e-03 1.392190152801358327e-01 8.285907859078591592e-03 1.074847010826926186e-01 8.780933804705596257e-01 4.783715012722645869e-03 6.684403059527769381e-05 5.703337843908520485e-03 1.090570342205323014e-02 2.017543859649122417e-01
1.605837706146926586e-02 9.144927536231883813e-01 6.423705722070844892e-01 9.172131147540983425e-05 9.403490492315706619e-05 3.774571686203787154e-04 1.339574468085106326e-03 2.037351443123939024e-02 5.869241192411925019e-04 5.103300381819132481e-01 5.354138729733024515e-01 4.071246819338422132e-04 0.000000000000000000e+00 1.066000594350295476e-02 2.486692015209125066e-04 9.108187134502924165e-01
3.973599137931034531e-02 3.749482401656314412e-01 4.138283378746594465e-01 9.519125683060108284e-04 1.320135451940609560e-03 1.926961226330027024e-03 6.323404255319148987e-03 2.886247877758913588e-02 1.188346883468834828e-03 3.516920341022019558e-01 6.853590149945142374e-01 3.101781170483460318e-03 1.945460591952111878e-03 3.284774577580597960e-02 1.358555133079847712e-03 2.938596491228069874e-01
1.629849137931034487e-03 8.211180124223601551e-01 5.936648501362398189e-01 3.765027322404371159e-05 3.438395415472779540e-05 2.871055004508566211e-05 3.405106382978723254e-04 1.018675721561969512e-02 9.363143631436315060e-05 3.624143522150740648e-01 5.302937949530659445e-01 1.399491094147582574e-04 0.000000000000000000e+00 4.876783006869103362e-03 9.087452471482888958e-05 8.494152046783625121e-01
1.060251124437781162e-02 5.606625258799171618e-01 3.055177111716621541e-01 2.748633879781420595e-05 3.177910914300598872e-05 2.083859332732191164e-03 2.297021276595744791e-03 3.395585738539898257e-02 2.119918699186991874e-03 3.738689261990690293e-01 7.176642691698158494e-01 3.664122137404579919e-04 0.000000000000000000e+00 1.041638607431336072e-02 1.346007604562737630e-04 5.029239766081871066e-01
2.784389055472263896e-02 7.178053830227743015e-01 5.245231607629428083e-01 9.073770491803277889e-04 9.301901536858557182e-04 2.204688908926961260e-03 2.567659574468084994e-03 3.225806451612903136e-02 1.340785907859078649e-03 3.570270411632407992e-01 5.832012678288431839e-01 1.119592875318066059e-03 1.042013080589735026e-02 1.253910419497271736e-02 4.216730038022813111e-04 6.535087719298244835e-01
5.847468843703148567e-01 2.244306418219461641e-01 2.632833787465940212e-01 1.331420765027322428e-01 1.429799426934097450e-01 2.845807033363390581e-01 8.706382978723403721e-02 5.348047538200340068e-01 1.735094850948509515e-01 2.484439562738637031e-02 9.764720224308179874e-01 1.119592875318066172e-01 3.447511362376676769e-01 2.511268019877600441e-02 7.585893536121672553e-02 2.353801169590643283e-01
2.361904985007496315e-04 5.244306418219460975e-01 2.254768392370572472e-01 1.094535519125682975e-05 1.122167231049752449e-05 5.510369702434625861e-05 5.106382978723404399e-05 2.376910016977928572e-02 2.623983739837398681e-04 2.498561640253151583e-01 8.588321345849080357e-01 1.017811704834605533e-04 0.000000000000000000e+00 3.201558432270484346e-04 2.726235741444866688e-04 5.087719298245613198e-01
1.534389055472263938e-05 2.674948240165631597e-01 1.638283378746593910e-01 1.043989071038251313e-04 1.070070330815316417e-04 1.082055906221821532e-06 1.183829787234042479e-04 5.483870967741935054e-01 3.098915989159891954e-04 4.283696846069354885e-02 9.746434231378764412e-01 1.221374045801526640e-04 0.000000000000000000e+00 3.388925355709245034e-05 1.444866920152091186e-04 2.777777777777777346e-01
3.648472638680659574e-02 7.281573498964803992e-01 6.903950953678474889e-01 2.693442622950819367e-05 2.761135712425110751e-05 1.550946798917944103e-04 3.615319148936170339e-04 1.867572156196943903e-02 9.214092140921410019e-05 4.759663162299283545e-01 4.999390466902352559e-01 1.221374045801526640e-04 0.000000000000000000e+00 2.908869955361078567e-03 3.422053231939163121e-05 6.578947368421051989e-01
7.519677661169416050e-02 9.519668737060040797e-01 5.589237057220709515e-01 2.442622950819671823e-05 2.504037509768168595e-05 3.291253381424707200e-04 1.332765957446808546e-03 2.716468590831918467e-02 3.392276422764227981e-04 4.907160416339766407e-01 5.844203340241375111e-01 7.633587786259542175e-05 2.217049107637734245e-02 7.522249944640408380e-03 4.486692015209124755e-05 9.239766081871344516e-01
4.433037387556221925e-02 3.196687370600413969e-01 1.961852861035422446e-01 1.142076502732240414e-02 1.265954675696795949e-02 2.633002705139765587e-02 1.439148936170212695e-02 1.816638370118845436e-01 1.526422764227642302e-02 4.602751189915790797e-02 9.335608923564548967e-01 1.221374045801526705e-02 2.050770424564904004e-03 1.223359337794401383e-02 1.318250950570342035e-02 2.953216374269005962e-01
5.620408545727136884e-01 2.720496894409937805e-01 2.363760217983651712e-01 4.453551912568305959e-01 4.975253972388642976e-01 5.257889990982868023e-01 6.180425531914893744e-01 9.507640067911714288e-02 3.742547425474255229e-01 1.264710497410952428e-01 8.810191393392661219e-01 2.522137404580152564e-01 3.760115286553597502e-01 1.000000000000000000e+00 9.999999999999998890e-01 2.514619883040935533e-01
6.669965798350824260e-02 4.310559006211180377e-01 1.903950953678474334e-01 1.124043715846994446e-02 1.168793956759572698e-02 1.397655545536519509e-02 2.392340425531915005e-02 1.120543293718166411e-01 1.039295392953929614e-02 1.096814686960615043e-01 8.743142752651469340e-01 1.282442748091603031e-02 5.887373905332003027e-02 3.288205223386247295e-02 3.333878326996197322e-02 3.742690058479531956e-01
1.270848950524737790e-04 7.768115942028985810e-01 2.861035422343324863e-01 6.057377049180327263e-06 6.209950507944777138e-06 2.524797114517583321e-05 3.753191489361701891e-05 1.188455008488964286e-02 5.962059620596206363e-05 3.919138030231706926e-01 7.553334146044130559e-01 3.562340966921119365e-05 0.000000000000000000e+00 5.138481992870485779e-04 5.019011406844105911e-05 7.441520467836256758e-01
1.373576883433283435e-01 9.188405797101449890e-01 4.914850136239782286e-01 1.138797814207650290e-03 1.585308674133889019e-03 1.277727682596934257e-03 3.637446808510638122e-03 1.188455008488964286e-02 6.321138211382114737e-04 4.857471625084994193e-01 6.016091673777886895e-01 7.124681933842238460e-04 2.660458929165281268e-03 4.599645464056380945e-02 3.802281368821292131e-05 9.561403508771929571e-01
2.002904797601199466e-02 5.772256728778467627e-01 5.047683923705722497e-01 1.567213114754098286e-04 9.064860640791872902e-05 2.005410279531109202e-03 1.977872340425531825e-04 1.358234295415959234e-02 5.076558265582656023e-04 4.833411789319524976e-01 5.969767158356699133e-01 2.544529262086513968e-04 2.516350737168828247e-02 2.326489984322388949e-03 2.661596958174904763e-05 5.175438596491227505e-01
2.992644302848575678e-03 3.850931677018633592e-01 1.474795640326975743e-01 1.566393442622950787e-03 1.722844490752800228e-03 5.576194770063120504e-03 3.231489361702127600e-03 1.629881154499151219e-01 5.313008130081300906e-03 5.204247084052512906e-02 9.367304644642204803e-01 1.882951653944020358e-03 0.000000000000000000e+00 3.074432010981447295e-03 4.304182509505702532e-03 3.333333333333332593e-01
1.888469827586206767e-02 7.351966873706003991e-01 5.088555858310627178e-01 8.131147540983605596e-04 1.239645741078405829e-03 4.620378719567178050e-03 2.108936170212765814e-03 2.546689303904923693e-02 2.276422764227642274e-03 4.750771483864218991e-01 5.927099841521394907e-01 1.628498727735368853e-03 3.247976942689280444e-03 1.324187177774401557e-02 1.247148288973383857e-03 6.695906432748537362e-01
3.311352136431784318e-03 1.981366459627329213e-01 3.876021798365123505e-01 4.153005464480874313e-03 3.258661109663974886e-03 7.073940486925158096e-03 4.283404255319148840e-03 1.901528013582342858e-01 1.131436314363143750e-02 3.577592970343636963e-02 9.075947823966842298e-01 4.529262086513994798e-03 2.327901563019620784e-03 3.441672252639398771e-03 6.939163498098858962e-03 2.032163742690058228e-01
6.492456896551724102e-03 2.490683229813664412e-01 2.448910081743869704e-01 3.661202185792349507e-03 3.753581661891117194e-03 1.897204688908927074e-03 2.886808510638297961e-03 5.093378607809847386e-02 3.588075880758807932e-03 3.310842617291699652e-02 9.414848226258686337e-01 8.295165394402035514e-03 8.635406274248974209e-03 8.686021609637547408e-03 2.184030418250950366e-03 2.426900584795321503e-01
5.417213268365816698e-04 2.602484472049689246e-01 2.602179836512261701e-01 1.644808743169398895e-04 1.041938004688721048e-03 4.445446348061316699e-05 3.863829787234042434e-04 1.211375212224108655e-01 2.813008130081301179e-04 3.755426539044928735e-02 9.466049006461051407e-01 2.493638676844783623e-03 3.325573661456601449e-05 5.972018307037543772e-04 3.278631178707224207e-04 2.675438596491228060e-01
4.618745314842578713e-03 1.877846790890269069e-01 3.589918256130790186e-01 1.511748633879781388e-02 1.868976295910393381e-02 5.997294860234445718e-02 1.465531914893617067e-02 2.852292020373514703e-01 4.619918699186992272e-02 2.055546838223756487e-02 9.267341216628062206e-01 8.941475826972009044e-03 8.224143664782175003e-04 7.839722665352941502e-03 1.378707224334600571e-02 1.754385964912280604e-01
2.523777173913043740e-03 2.351966873706003991e-01 3.552452316076294414e-01 8.642076502732239790e-03 9.476426152643917938e-03 6.587917042380522781e-02 1.484255319148936221e-02 5.466893039049236513e-01 4.298780487804878397e-02 2.385061980229091425e-02 9.462391807875167871e-01 1.109414758269719990e-02 3.837712005320918079e-02 4.158522209669479261e-03 1.372661596958174753e-02 2.543859649122806599e-01
1.346982758620689745e-03 8.277432712215320176e-01 6.604223433242507602e-01 4.573770491803278554e-05 4.688721021099244581e-05 1.397655545536519422e-04 5.268085106382978559e-05 2.207130730050933798e-02 4.505420054200542273e-04 5.446414561431036638e-01 5.254175301718884139e-01 5.750636132315521329e-04 0.000000000000000000e+00 3.649222687695198781e-04 3.612167300380227965e-05 7.894736842105263275e-01
4.415760869565217513e-05 3.256728778467908869e-01 2.319482288828337846e-01 1.738251366120218625e-05 1.781974472518885210e-05 3.516681695220919831e-05 3.268085106382978734e-05 9.337860780984720555e-02 6.653116531165312352e-05 7.401014697421413879e-02 9.100329147872729951e-01 3.053435114503816599e-05 0.000000000000000000e+00 5.284258603552146124e-05 9.011406844106463563e-05 2.865497076023391654e-01
2.853846514242878475e-03 4.819875776397515854e-01 2.503405994550408908e-01 2.434972677595628136e-03 2.496222974733003277e-03 4.910730387736699822e-03 4.738723404255318697e-03 1.069609507640067875e-01 5.483062330623306863e-03 1.693603221925833180e-01 8.199439229550165020e-01 6.564885496183205972e-03 0.000000000000000000e+00 6.851365971777691188e-03 3.428897338403041461e-03 4.181286549707601830e-01
1.660654047976012002e-02 4.693581780538302328e-01 1.444141689373297233e-01 2.065027322404371438e-02 2.116957541026309036e-02 6.816952209197475569e-03 4.213617021276595299e-03 6.281833616298811152e-02 5.182926829268292949e-03 1.237512422197813711e-01 9.290503474338656087e-01 6.564885496183205972e-03 5.797583416472675000e-02 1.023000206936493760e-02 5.889733840304181567e-03 3.976608187134503258e-01
5.864938624437781439e-02 4.828157349896480266e-01 1.791553133514986462e-01 2.065027322404371438e-02 2.116957541026309036e-02 9.918845807033362799e-03 2.691914893617021118e-02 7.130730050933786757e-02 1.301490514905149186e-02 1.704587059992677678e-01 8.655369986590272235e-01 2.860050890585241756e-02 8.203081698259616361e-02 5.933165162001671072e-02 3.321558935361216408e-02 4.210526315789473450e-01
1.232196401799100574e-03 5.598343685300206651e-01 1.992506811989100957e-01 1.215846994535519070e-03 1.083094555873925389e-03 2.929666366095581842e-03 2.753191489361702087e-03 8.319185059422749828e-02 4.043360433604336647e-03 1.312830168941890308e-01 8.682189442886748543e-01 1.984732824427481047e-03 0.000000000000000000e+00 5.132711557060380334e-03 2.861596958174904542e-03 4.619883040935672258e-01
1.642791885307346312e-03 7.490683229813664967e-01 4.087193460490463615e-01 6.781420765027321717e-06 6.952331336285490417e-06 2.498647430117222762e-03 1.080851063829787263e-04 4.584040747028862717e-02 7.906504065040650562e-04 4.452638736335582381e-01 6.773131781055711231e-01 1.017811704834605533e-04 3.879835938366035103e-02 4.102237877892085205e-04 3.650190114068440662e-05 6.754385964912280604e-01
7.105041229385307931e-03 7.995859213250516850e-01 4.608310626702997737e-01 6.267759562841529269e-05 6.423547798905965300e-05 5.810640216411181564e-05 3.535319148936170021e-04 1.528013582342954181e-02 4.214092140921409644e-04 3.915999790784037149e-01 6.358649274655613359e-01 3.053435114503816870e-04 0.000000000000000000e+00 3.491962618856547969e-03 1.448669201520912456e-04 8.201754385964912242e-01
2.648636619190404898e-03 2.051759834368530044e-01 4.499318801089918773e-01 1.737158469945355131e-03 2.162281844230268431e-03 5.140667267808836545e-03 1.636595744680851075e-03 2.427843803056027316e-01 4.957994579945800007e-03 4.116324075526962833e-02 8.749238083627940421e-01 1.221374045801526748e-03 5.653475224476222803e-04 1.020346709768999967e-03 1.806083650190113982e-03 2.032163742690058228e-01
6.600959285982009594e-02 7.993788819875776719e-01 5.129427792915531858e-01 5.459016393442622144e-04 5.597811930190153482e-04 5.074842200180342770e-04 4.671489361702127474e-03 1.358234295415959234e-02 1.425474254742547511e-03 4.985616402531513058e-01 5.952700231622577443e-01 1.170483460559796404e-03 0.000000000000000000e+00 5.592322865219770400e-02 1.653992395437262107e-03 7.792397660818712879e-01
2.328741098200899640e-01 2.091097308488612805e-01 3.440054495912806543e-01 7.270491803278688048e-01 7.522792393852565374e-01 1.000000000000000000e+00 9.914893617021276473e-01 4.567062818336162788e-01 7.608401084010840698e-01 2.719807521313876222e-02 9.533097647202243285e-01 7.399491094147582215e-01 2.935373018512359988e-01 3.498626545946679767e-01 9.078447224334599275e-01 2.163742690058479412e-01
8.193169040479760749e-05 2.892339544513457539e-01 2.959809264305177101e-01 5.590163934426229118e-05 5.730659025787965223e-05 3.678990081154192887e-04 8.510638297872340891e-05 3.735144312393888222e-01 3.157181571815718371e-04 3.263769025576651606e-02 9.656223332926977543e-01 2.290076335877862517e-04 0.000000000000000000e+00 3.595001413029536285e-05 8.745247148288971969e-05 3.216374269005847775e-01
1.069972826086956633e-03 4.706004140786749779e-01 1.924386920980926674e-01 1.905737704918032595e-04 1.953633758791351830e-04 5.491433724075743799e-04 4.402553191489361390e-04 1.001697792869269965e-01 5.657181571815718965e-04 6.600763638265599864e-02 8.476167255881994489e-01 2.900763358778625837e-04 0.000000000000000000e+00 6.838739602946187698e-04 3.878326996197718475e-04 4.020467836257309857e-01
1.980328195277361245e-02 2.173913043478260809e-01 3.334468664850136488e-01 2.146994535519125558e-02 1.864808543891638415e-02 5.504057709648332158e-02 1.286808510638297841e-02 4.923599320882852126e-01 3.060298102981030138e-02 1.867252471363564995e-02 9.551383640131658748e-01 1.075826972010178115e-02 0.000000000000000000e+00 3.998611935368559522e-03 9.688212927756652618e-03 2.529239766081871066e-01
3.203652080209894865e-02 2.515527950310559313e-01 3.092643051771117313e-01 1.133060109289617395e-01 1.376921073196144818e-01 3.778178539224526511e-01 1.478297872340425534e-01 4.872665534804753729e-01 2.843495934959349714e-01 2.228150007845598399e-02 9.703766914543459077e-01 1.031043256997455498e-01 3.870967741935483868e-03 4.643308326284465576e-02 1.289178707224334364e-01 2.704678362573099126e-01
5.329366566716641808e-03 4.285714285714285476e-01 1.651907356948228989e-01 1.169125683060109151e-04 1.198489189893201299e-04 1.397655545536519422e-04 1.320000000000000101e-04 1.409168081494057700e-01 4.234417344173442002e-04 6.313091688895862419e-02 9.397781299524564647e-01 3.307888040712468050e-04 0.000000000000000000e+00 1.496623538724399548e-04 1.939163498098859237e-04 4.400584795321637044e-01
2.440381371814092954e-04 3.505175983436852882e-01 1.576975476839237167e-01 9.655737704918032052e-05 9.898411044542849144e-05 2.200180342651037141e-04 3.897872340425531873e-04 2.971137521222411149e-01 9.085365853658537065e-04 4.414456823055598611e-02 9.252712422284531391e-01 2.417302798982188107e-04 0.000000000000000000e+00 2.070597413234730644e-04 1.996197718631178555e-04 2.982456140350877027e-01
1.567577539355322416e-02 7.503105590062112418e-01 3.991825613079019730e-01 2.950819672131147105e-04 3.024225058609012894e-04 3.345356176735798156e-03 6.779574468085106283e-04 1.001697792869269965e-01 8.299457994579946063e-04 2.805586066216852470e-01 6.796294038766305112e-01 6.615776081424936100e-04 2.936481543066178992e-02 1.063451206929441877e-03 1.460076045627376265e-04 6.973684210526315264e-01
6.617784857571215032e-04 8.252587991718426386e-01 4.022479564032698240e-01 2.294808743169398635e-05 2.352435530085959919e-05 1.031559963931469835e-04 2.382127659574468173e-04 3.056027164685908362e-02 1.225609756097561143e-04 3.766933417019718289e-01 6.729245398025113234e-01 9.669211195928753241e-05 0.000000000000000000e+00 1.219657930096202823e-03 1.460076045627376265e-04 7.865497076023391099e-01
4.081943403298350648e-03 2.122153209109730876e-01 3.096049046321526221e-01 1.860928961748633832e-03 1.753581661891117369e-03 8.200180342651037157e-04 1.229787234042553114e-03 5.263157894736841813e-02 1.223577235772357798e-03 9.723311888697107330e-02 9.250274289893940516e-01 1.603053435114503789e-03 2.217049107637734300e-04 3.580610537095048687e-03 2.473384030418250730e-03 2.061403508771929571e-01
2.090874484632683841e-02 1.724637681159420233e-01 3.593324250681199650e-01 1.419398907103825158e-01 1.458713206564209441e-01 8.055004508566275812e-01 2.010212765957446746e-01 4.872665534804753729e-01 4.855691056910569348e-01 2.175846017051101186e-02 9.587955625990491892e-01 1.471246819338422329e-01 8.214166943797805709e-03 6.310228770665406162e-02 2.066539923954372471e-01 2.032163742690058228e-01
1.402384745127436237e-02 4.962732919254658204e-01 3.692098092643051888e-01 1.676775956284152916e-03 1.803073717113831730e-03 2.714156898106402302e-03 4.108085106382978850e-03 3.904923599320882927e-02 2.506097560975609814e-03 2.689994246561012714e-01 6.826770693648664956e-01 1.933842239185750485e-03 7.759671876732069642e-04 1.609862255670615333e-02 1.149429657794676790e-03 4.415204678362573132e-01
7.726995877061469849e-03 2.012422360248447284e-01 3.457084468664850530e-01 1.295628415300546440e-02 1.230007814535035056e-02 1.397655545536519509e-02 1.926808510638297958e-02 3.616298811544991776e-01 3.677506775067750783e-02 2.892410690935718481e-02 9.641594538583445617e-01 2.064631043256997395e-02 6.642279126482652108e-04 8.166762000063734761e-03 1.979125475285170924e-02 1.944444444444444475e-01
1.268556737256371914e-01 3.298136645962732594e-01 2.646457765667575290e-01 6.226775956284152978e-05 6.381870278718416555e-05 3.498647430117222674e-04 9.361702127659574167e-05 3.395585738539897980e-01 3.014905149051490783e-04 8.274491343689523160e-02 8.490796050225527525e-01 1.882951653944020304e-04 0.000000000000000000e+00 4.315578652091906848e-05 9.885931558935359676e-05 3.523391812865497297e-01
2.014617691154422811e-05 4.616977225672878049e-01 2.442098092643051888e-01 3.786885245901639146e-05 3.881219067465485796e-05 4.147880973850315577e-05 3.744680851063829531e-05 8.488964346349744949e-02 1.409214092140921516e-04 7.646843454155551056e-02 7.866634158234792062e-01 5.089058524173027665e-05 0.000000000000000000e+00 6.851493046909619639e-05 1.273764258555132962e-04 3.464912280701754610e-01
6.377084895052473855e-03 7.062111801242235698e-01 2.319482288828337846e-01 1.573770491803278600e-03 1.721281583745767072e-03 2.624887285843102019e-03 5.061276595744680987e-03 7.130730050933786757e-02 5.264227642276422814e-03 1.879282389246299534e-01 7.940997196147751014e-01 3.104325699745546889e-03 2.771311384547167807e-03 1.121873539525891639e-02 3.216730038022813307e-03 6.622807017543859143e-01
1.439848435157421377e-02 8.701863354037266962e-01 5.238419618528611377e-01 2.172677595628415162e-04 2.227142485022141091e-04 6.394950405770964946e-04 1.659574468085106298e-03 3.565365025466893378e-02 4.346205962059620782e-04 4.726711648098750329e-01 6.078264049737900354e-01 4.376590330788804198e-04 0.000000000000000000e+00 7.247773018264619740e-03 9.961977186311786426e-05 8.523391812865496187e-01
2.115348575712144158e-03 7.795031055900620842e-01 5.630108991825614195e-01 1.397540983606557280e-05 1.432664756446991306e-05 4.869251577998196429e-05 8.578723404255318415e-05 1.188455008488964286e-02 7.046070460704607582e-05 5.605418693446310163e-01 5.725953919297818162e-01 1.272264631043256984e-04 0.000000000000000000e+00 1.083986854454234471e-03 4.030418250950569672e-05 7.207602339181286011e-01
1.258960363568215925e-02 3.819875776397515521e-01 2.833787465940054706e-01 2.053005464480874118e-04 2.104714769471216333e-04 5.141568981064021694e-04 2.467234042553191229e-04 6.451612903225806273e-02 4.404471544715447199e-04 1.739630733824990838e-01 7.984883579178349011e-01 5.597964376590330296e-04 0.000000000000000000e+00 5.858339649860488723e-04 3.057034220532319326e-04 2.997076023391812560e-01
1.625163980509745226e-03 7.575569358178054769e-01 4.202997275204359839e-01 1.570218579234972447e-04 1.609794217244073808e-04 3.048692515779982183e-04 1.025531914893616911e-03 2.546689303904923693e-02 7.350948509485095116e-04 3.841728123855850385e-01 6.451298305497988883e-01 5.597964376590330296e-04 0.000000000000000000e+00 6.217205946529485820e-03 4.942965779467679973e-04 7.339181286549706362e-01
6.564491191904047764e-03 6.289855072463768071e-01 2.339918256130790464e-01 1.030327868852458882e-03 9.445168012503255906e-04 1.313796212804328300e-03 1.599148936170212637e-03 4.753820033955857144e-02 2.257452574525745190e-03 1.533553010094670377e-01 7.997074241131293393e-01 1.475826972010178036e-03 0.000000000000000000e+00 5.339608244148305767e-03 1.226235741444866873e-03 5.657894736842105088e-01
6.395239880059970798e-05 1.496894409937888359e-01 2.036784741144414546e-01 1.050546448087431688e-02 9.249804636624120099e-03 2.417493237150586116e-01 1.995744680851063713e-02 5.806451612903226200e-01 1.869241192411924268e-01 1.553428526596579463e-02 9.921979763501158622e-01 1.307888040712468225e-02 0.000000000000000000e+00 5.281032732431983727e-03 1.445361216730037951e-02 1.330409356725146264e-01
5.448252436281859380e-03 2.020703933747411973e-01 4.492506811989100957e-01 9.833333333333332815e-03 8.874706954936181780e-03 4.925157799819657178e-02 1.270638297872340484e-02 2.529711375212224111e-01 3.975609756097561037e-02 4.482452011088446098e-02 8.826039253931489137e-01 7.160305343511449809e-03 4.566012637179913368e-03 7.660360709712835982e-03 1.394068441064638675e-02 1.929824561403508665e-01
6.032140179910045266e-03 2.842650103519668847e-01 2.275204359673024535e-01 2.101639344262295084e-03 2.154467309195102868e-03 2.616771866546438279e-03 7.977021276595744944e-04 5.415959252971137561e-01 2.240514905149051505e-03 1.731262095297871409e-02 9.775691820065829374e-01 8.295165394402035297e-04 0.000000000000000000e+00 2.271559844764161490e-04 7.250950570342204818e-04 2.807017543859648967e-01
1.925359585832084053e-01 4.621118012422359977e-01 2.820163487738419628e-01 1.393715846994535434e-01 1.425371190414170264e-01 6.238052299368800763e-02 2.824680851063829934e-01 5.263157894736841813e-02 6.052168021680217475e-02 2.944191641822270777e-01 7.844690966719491954e-01 1.083969465648854935e-01 8.646491519787163904e-02 8.269562627881026362e-01 1.859961977186311566e-01 4.064327485380116456e-01
1.124109820089955053e-01 4.287784679089027273e-01 2.128746594005449799e-01 2.523224043715846868e-02 2.870539202917426341e-02 6.299368800721370787e-02 7.041702127659574262e-02 5.942275042444821603e-02 3.053523035230352664e-02 1.862022072284115481e-01 8.481043520663171797e-01 6.020356234096691656e-02 1.076377341758120026e-01 1.852341120312674394e-01 2.946768060836501418e-02 3.567251461988303896e-01
9.651424287856072426e-02 3.484472049689440465e-01 1.890326975476839255e-01 3.275956284153005299e-02 3.360250065121125201e-02 3.497745716862037807e-02 4.397446808510638294e-02 1.307300509337860905e-01 2.120596205962059846e-02 2.174799937235210867e-01 8.528587102279653331e-01 7.124681933842239023e-02 4.391974282230351467e-01 5.206854537950793976e-02 5.540342205323193353e-02 2.660818713450292528e-01
2.559688905547226334e-02 6.728778467908902439e-01 1.869891008174387192e-01 9.207650273224043599e-03 8.491794738213076163e-03 9.107303877366997383e-03 7.642553191489361540e-03 5.942275042444821603e-02 6.707317073170732460e-03 2.628275537423505614e-01 8.374984761672559230e-01 1.949109414758269654e-02 2.494180246092451148e-01 1.996067542153492913e-02 2.566539923954372273e-03 6.257309941520468044e-01
4.115910794602699145e-03 2.995859213250517961e-01 2.673705722070844892e-01 5.950819672131147167e-03 5.959885386819484265e-03 9.359783588818755551e-02 1.075744680851063902e-02 5.415959252971137561e-01 4.109078590785908425e-02 2.819185103823421482e-02 9.455077410703401908e-01 8.875318066157759922e-03 0.000000000000000000e+00 3.074051551098504458e-03 7.433460076045626634e-03 2.733918128654970747e-01
1.216383995502248912e-03 3.770186335403726829e-01 2.104904632152588551e-01 1.046448087431693999e-02 1.111487366501693122e-02 3.102795311091073246e-02 1.097872340425531945e-02 3.531409168081494077e-01 2.495934959349593515e-02 3.676970552853182916e-02 9.669633061075215696e-01 1.323155216284987307e-02 8.868196430550936521e-06 4.805034550151415437e-03 1.142965779467680458e-02 3.567251461988303896e-01
1.764137462518740665e-02 1.840579710144927550e-01 3.508174386920981380e-01 8.030054644808742870e-02 6.814274550664235763e-02 3.033363390441839447e-01 1.369361702127659675e-01 4.702886247877758885e-01 2.231029810298102989e-01 3.106857053193158927e-02 9.713519444105815914e-01 9.496183206106870167e-02 8.808336104644718181e-03 4.447861797544861578e-02 1.011254752851710875e-01 1.871345029239765978e-01
6.436820652173912962e-04 3.428571428571428048e-01 1.829019073569482512e-01 1.598087431693988921e-03 1.638187027871841487e-03 1.513976555455365290e-03 9.472340425531914710e-04 6.960950764006791636e-02 2.455284552845528757e-03 6.464773262199904891e-02 9.300256003901012924e-01 3.358778625954198394e-03 0.000000000000000000e+00 2.091252480763022316e-03 1.689733840304182260e-03 2.850877192982456121e-01
2.212770567841079380e-02 1.960662525879917351e-01 3.048365122615803724e-01 2.653005464480874265e-01 2.719458192237561578e-01 4.858431018935978618e-01 3.187234042553191427e-01 4.991511035653650175e-01 2.722222222222222543e-01 1.705110099900622456e-02 9.892722174814093661e-01 2.692111959287531442e-01 1.921073051768096675e-03 9.753953669441872698e-02 2.705285171102661534e-01 2.032163742690058228e-01
5.405500374812593871e-03 4.505175983436853215e-01 8.957765667574932311e-02 1.938251366120218337e-03 1.903360250065121162e-03 2.885482416591523842e-03 2.170212765957446697e-03 7.640067911714770732e-02 5.149051490514905578e-03 9.074742402845338562e-02 9.537973911983420594e-01 5.241730279898218318e-03 4.434098215275468260e-06 4.409148817910531724e-03 2.367300380228136436e-03 3.961988304093567170e-01
1.591372282608695676e-01 3.267080745341614523e-01 3.222070844686649171e-01 1.699726775956283964e-02 1.740557436832508575e-02 1.665464382326420356e-02 1.007659574468085066e-02 1.324278438030560279e-01 8.855013550135501510e-03 1.527799571107275600e-01 8.112885529684261687e-01 9.638676844783714004e-03 1.330229464582640408e-01 1.162495861293090342e-02 7.915969581749048370e-03 2.763157894736841813e-01
3.412258714392803899e-02 8.308488612836438802e-01 4.989782016348774385e-01 1.184972677595628326e-03 1.165668142745506517e-03 2.334535617673579814e-03 2.951489361702127733e-03 1.867572156196943903e-02 2.838753387533875499e-03 3.215126314137768393e-01 5.850298671217847302e-01 2.900763358778625945e-03 0.000000000000000000e+00 2.589698561650054937e-02 1.248669201520912365e-03 7.251461988304093165e-01
4.749578335832084269e-05 6.389233954451345454e-01 2.850817438692098138e-01 1.778688524590163741e-06 1.823391508205261800e-06 3.155996393146979405e-05 6.723404255319149046e-06 1.358234295415959234e-02 5.623306233062331025e-05 2.537789633349024632e-01 7.522857491161770715e-01 9.669211195928753579e-06 0.000000000000000000e+00 7.891825000469335823e-05 1.711026615969581561e-05 6.140350877192982670e-01
7.059360944527736173e-03 3.331262939958591907e-01 2.401226158038147207e-01 8.540983606557375762e-03 8.757488929408700079e-03 1.082055906221821495e-03 2.628085106382978871e-03 2.376910016977928572e-02 1.422764227642276530e-03 1.257387938699722763e-01 8.700475435816165115e-01 4.325699745547073420e-03 0.000000000000000000e+00 1.753956575328624243e-02 4.182509505703421900e-03 3.143274853801169555e-01
5.767428785607196275e-03 2.086956521739130321e-01 2.132152588555858430e-01 8.021857923497267839e-02 8.400625162802813350e-02 2.259693417493237322e-01 7.873191489361701378e-02 3.259762308998302438e-01 1.451219512195122130e-01 3.687431351012081943e-02 9.242959892722174553e-01 1.053435114503816772e-01 0.000000000000000000e+00 3.706815587126319200e-02 8.698479087452470893e-02 1.842105263157894635e-01
1.043618815592203862e-03 4.530020703933747006e-01 8.242506811989101789e-02 8.240437158469945261e-03 8.447512373013804643e-03 2.472497745716862108e-02 4.085106382978723194e-03 3.616298811544991776e-01 7.533875338753387961e-03 5.204247084052512906e-02 9.390466902352797574e-01 1.491094147582697205e-02 2.570668440305952651e-01 1.787968540594440329e-03 1.851330798479087309e-03 4.342105263157894912e-01
1.162504685157421391e-02 4.654244306418219290e-01 2.428474114441417087e-01 2.789617486338797671e-03 3.052878353737952313e-03 5.831379621280433165e-04 7.229787234042553239e-04 2.886247877758913588e-02 5.251355013550136359e-04 1.864114231915895148e-01 8.309155187126661124e-01 1.017811704834605587e-03 2.217049107637734300e-04 3.939544198894224560e-03 1.501140684410646195e-03 3.947368421052631637e-01
1.386806596701649179e-02 7.451345755693582484e-01 4.029291553133515502e-01 8.295081967213114010e-04 9.273248241729616353e-04 3.295761947700631320e-04 9.600000000000000243e-04 3.225806451612903136e-02 3.926151761517615471e-04 4.457346095507087047e-01 6.714616603681580198e-01 1.399491094147582574e-04 0.000000000000000000e+00 4.759301281888306603e-03 2.353612167300380082e-04 6.973684210526315264e-01
3.782620408545727189e-03 1.871635610766045343e-01 4.666212534059945849e-01 1.592622950819672046e-03 1.184423026829903519e-03 3.218214607754734183e-03 2.257872340425531692e-03 1.952461799660441533e-01 4.044715447154471379e-03 4.995031120874523362e-02 8.661465317566743316e-01 2.239185750636132118e-03 0.000000000000000000e+00 1.753205836883549740e-03 2.486311787072243047e-03 1.842105263157894635e-01
6.090704647676161787e-04 3.908902691511386696e-01 2.125340599455041168e-01 2.347267759562841546e-03 2.101067986454805726e-03 1.607754733994589801e-03 1.602553191489361744e-03 8.488964346349744949e-02 5.529810298102981123e-03 1.282493854281081536e-01 8.854077776423259216e-01 5.445292620865139696e-03 0.000000000000000000e+00 2.928865916331596219e-03 2.580988593155893098e-03 2.807017543859648967e-01
1.777724419040479890e-03 5.492753623188405543e-01 8.525204359673025367e-01 8.415300546448086991e-05 8.179213336806460391e-05 4.368800721370604359e-04 5.014468085106383319e-04 5.432937181663836934e-02 4.951897018970189595e-04 4.405565144620534612e-01 4.471534804339875602e-01 7.633587786259542175e-05 0.000000000000000000e+00 1.429239270724330440e-03 1.087452471482889659e-04 4.897660818713450159e-01
6.522324775112444198e-03 9.155279503105590022e-01 6.086512261580382388e-01 1.242076502732240330e-04 1.273248241729617054e-04 9.729486023444545431e-04 2.470638297872340444e-04 1.528013582342954181e-02 3.422086720867208772e-03 6.740415293686908838e-01 5.813726685359015267e-01 1.577608142493638508e-04 0.000000000000000000e+00 2.665677242337846815e-03 2.661596958174904763e-05 8.903508771929823373e-01
1.030465236131933998e-01 5.552795031055900443e-01 1.185286103542234487e-01 5.308743169398906676e-03 5.441521229486845704e-03 1.681695220919747491e-02 3.189787234042553050e-03 1.137521222410865923e-01 4.894308943089431194e-03 1.286678173544641424e-01 9.325856394002194349e-01 1.099236641221374051e-02 1.682740272697040296e-01 4.413612523297733188e-03 2.851711026615969240e-03 4.883040935672514071e-01
3.818403298350824676e-03 1.784679089026914856e-01 3.719346049046322045e-01 2.778688524590163921e-03 4.670487106017191629e-03 8.007213706041479626e-03 3.849361702127659327e-03 2.122241086587436376e-01 7.466124661246613219e-03 3.603744965740885570e-02 9.017432646592710155e-01 3.664122137404580027e-03 5.092561800243875728e-04 2.753256504647598382e-03 3.133840304182509192e-03 1.739766081871344794e-01
1.514477136431784078e-04 2.496894409937888137e-01 2.864441416893733217e-01 1.566939890710382453e-03 6.540765824433446025e-04 1.208295761947700622e-02 2.320851063829787019e-03 1.000000000000000000e+00 1.104336043360433679e-02 2.515821957215335497e-02 9.598927221748140282e-01 2.577608142493638746e-03 0.000000000000000000e+00 3.586971183307062884e-04 1.351330798479087299e-03 2.616959064327485374e-01
1.464111694152923490e-06 1.664596273291925332e-01 1.440735694822888602e-01 4.841530054644808349e-04 4.477728575149778436e-04 2.326420198376916073e-03 7.744680851063829316e-04 3.293718166383701185e-01 1.869918699186992085e-03 2.296145195878445538e-02 1.000000000000000000e+00 5.694656488549618492e-04 0.000000000000000000e+00 3.438668380243689918e-04 6.638783269961976048e-04 1.359649122807017607e-01
1.483613661919040575e-03 2.484472049689440964e-01 2.973433242506812180e-01 1.971584699453551685e-03 1.634019275853086694e-03 1.468890892696122575e-03 1.225531914893617002e-03 1.205432937181663833e-01 1.813685636856368633e-03 5.277472671164809559e-02 8.988175057905645193e-01 1.119592875318066059e-03 0.000000000000000000e+00 1.565674328183556041e-03 2.129277566539923647e-03 2.295321637426900596e-01
3.437968515742129139e-02 8.625258799171842128e-01 3.865803814713896780e-01 2.134972677595628325e-04 2.188590778848658333e-04 7.828674481514878410e-04 1.239148936170212777e-03 1.358234295415959234e-02 7.771002710027100427e-04 4.018515612741251908e-01 6.942581982201634361e-01 6.615776081424936100e-04 0.000000000000000000e+00 1.381011272657354551e-02 2.266159695817490335e-04 8.274853801169590461e-01
6.938718140929535372e-03 9.099378881987577605e-01 7.966621253405995473e-01 2.765027322404371517e-04 2.834071372753321121e-04 4.539224526600541291e-04 6.306382978723403887e-04 1.018675721561969512e-02 3.530487804878048772e-04 5.404048328887494090e-01 4.506887724003413309e-01 2.748091603053434803e-04 0.000000000000000000e+00 9.307812478369478087e-03 3.231939163498098277e-04 8.742690058479531956e-01
1.931163324587706343e-02 4.776397515527950333e-01 1.723433242506811902e-01 1.868852459016393311e-02 1.962229747330033677e-02 1.113615870153291249e-01 1.951489361702127626e-02 1.646859083191850592e-01 6.727642276422764189e-02 9.257806370626078807e-02 8.806534194806777682e-01 2.340966921119592634e-02 8.701917747478106480e-02 1.833643323676347955e-02 1.738250950570342096e-02 4.488304093567250797e-01
1.756934032983508442e-05 7.335403726708074057e-01 2.465940054495913136e-01 3.161202185792349280e-05 3.240427194581921988e-05 8.115419296663660940e-05 1.063829787234042544e-04 6.621392190152801394e-02 2.655826558265583087e-04 2.956221559705005664e-01 7.809338047055955911e-01 1.628498727735368853e-04 0.000000000000000000e+00 2.672451265485050668e-04 1.091254752851710929e-04 7.339181286549706362e-01
7.261994002998500841e-02 9.683229813664596675e-01 6.488419618528611377e-01 1.778688524590163792e-04 1.823391508205261834e-04 8.250676284941388600e-04 9.361702127659574709e-04 1.528013582342954181e-02 6.280487804878048938e-04 6.108583084889377401e-01 5.496769474582470227e-01 2.035623409669211066e-04 0.000000000000000000e+00 9.409323308907951988e-03 2.152091254752851429e-04 9.502923976608186329e-01
1.850637181409295424e-05 2.105590062111801219e-01 2.724795640326975743e-01 5.464480874316939886e-04 5.600416775201875769e-04 2.366997294860234344e-03 6.147234042553191774e-04 3.089983022071307595e-01 2.308265582655826681e-03 2.034625241905957393e-02 9.613556016091673317e-01 1.017811704834605587e-03 0.000000000000000000e+00 3.050828953494981867e-04 7.920152091254751550e-04 2.192982456140350755e-01
6.442091454272863950e-05 2.927536231884058093e-01 2.193460490463215729e-01 2.991803278688524208e-04 3.068507423808283113e-04 2.254283137962128205e-04 5.205957446808510535e-04 2.444821731748726690e-01 1.355013550135501354e-03 3.708352947329881383e-02 9.635499207606973426e-01 6.870229007633587822e-04 0.000000000000000000e+00 3.313905097100818507e-04 6.539923954372623034e-04 2.616959064327485374e-01
6.036239692653673494e-02 8.577639751552794678e-01 4.237057220708447258e-01 4.833333333333332684e-05 4.954415212294868335e-05 4.878268710550045075e-04 4.709787234042553243e-04 3.056027164685908362e-02 5.826558265582655822e-04 3.707829907421936189e-01 6.428136047787395002e-01 1.221374045801526748e-03 0.000000000000000000e+00 2.363030208854593681e-03 1.197718631178707160e-04 8.684210526315789824e-01
1.194715142428785673e-04 3.233954451345755765e-01 2.326294277929155663e-01 4.663934426229507748e-04 4.782495441521229188e-04 1.814247069431920668e-03 1.334468085106382991e-03 2.173174872665534774e-01 1.521002710027100297e-03 7.861289816412991849e-02 8.823601121540899372e-01 1.068702290076335932e-03 0.000000000000000000e+00 9.420416355515041267e-04 1.323954372623573940e-03 2.865497076023391654e-01
1.155213408920539725e-01 4.349896480331263415e-01 1.611035422343324586e-01 5.183060109289617384e-02 5.303464443865589517e-02 1.644724977457168724e-01 8.561702127659574779e-02 1.629881154499151219e-01 1.292682926829268331e-01 1.093676447512945266e-01 9.166158722418626947e-01 8.916030534351145065e-02 3.835494956213280071e-01 8.129968620434367688e-02 6.067946768060835522e-02 3.581871345029239984e-01
1.981997282608695659e-03 3.161490683229813414e-01 4.356267029972752391e-01 1.258196721311475230e-03 1.009637926543370534e-03 9.287646528403967596e-04 7.302978723404255669e-04 3.225806451612903136e-02 1.239837398373983901e-03 2.114127307913593878e-01 7.945873460928929433e-01 1.221374045801526748e-03 0.000000000000000000e+00 3.410681996218532189e-03 2.687832699619771646e-03 2.646198830409356439e-01
9.160162106446777253e-02 4.455486542443063969e-01 2.394414168937329945e-01 6.035519125683059920e-04 7.012242771555092296e-04 7.691614066726781482e-04 4.537872340425531709e-04 3.225806451612903136e-02 6.775067750677506769e-04 2.813431664836026913e-01 7.865415092039497180e-01 5.597964376590330296e-04 6.008203081698259722e-05 2.136754564147561822e-03 5.410646387832699408e-04 3.304093567251461527e-01
2.615196308095952063e-02 4.614906832298136252e-01 1.920980926430517766e-01 3.890710382513660852e-03 3.623339411305027090e-03 8.795311091073039836e-03 1.145531914893616922e-02 7.130730050933786757e-02 1.058943089430894324e-02 2.176892096866990811e-01 8.613921735950261782e-01 8.498727735368956024e-03 1.108524553818867150e-04 2.505205617469196885e-02 4.635741444866919858e-03 3.991228070175438236e-01
4.694469171664168022e-02 7.409937888198757650e-01 7.149182561307901862e-01 1.378688524590163935e-03 2.307632195884344768e-03 6.216411181244364814e-04 1.989787234042553372e-03 2.037351443123939024e-02 6.591463414634147209e-04 6.840838956012342820e-01 4.915274899427038990e-01 4.325699745547073854e-04 0.000000000000000000e+00 1.485608038568300877e-02 3.182509505703421770e-04 6.871345029239765978e-01
4.834016585457271559e-02 5.209109730848860975e-01 6.253405994550409464e-01 5.245901639344261640e-04 3.039854128679343368e-04 1.222723174030658369e-03 1.256170212765957443e-03 1.239388794567062857e-01 9.979674796747968393e-04 2.561849469114493294e-01 5.355357795928319398e-01 6.615776081424936100e-04 0.000000000000000000e+00 1.554520806061874573e-03 4.844106463878326417e-04 4.649122807017543879e-01
8.245877061469265856e-03 6.511387163561076497e-01 3.225476839237057525e-01 5.478142076502731531e-04 5.350351654076582761e-04 5.121731289449955133e-04 3.364255319148936035e-03 2.546689303904923693e-02 9.613821138211382702e-04 3.503321303415450894e-01 7.290015847860538134e-01 8.142493638676844264e-04 0.000000000000000000e+00 2.118675217681921172e-02 1.413688212927756557e-03 6.125730994152046582e-01
2.431948088455771970e-03 2.306418219461697783e-01 2.956403269754768748e-01 2.751366120218579070e-02 2.360250065121125354e-02 2.642921550946799036e-01 4.094468085106382771e-02 5.008488964346349270e-01 1.712059620596206033e-01 2.636121136042680196e-02 9.607460685115202237e-01 4.556234096692111935e-02 5.121383438643166246e-03 1.256014508097385261e-02 3.803802281368821175e-02 2.426900584795321503e-01
5.622188905547226338e-05 3.105590062111800997e-01 2.183242506811989281e-01 2.552732240437158512e-04 2.617869236780411349e-04 1.423805229936880076e-03 2.085106382978723423e-04 1.935483870967741882e-01 1.512872628726287354e-03 5.246090276688111093e-02 9.244178958917469435e-01 3.664122137404580027e-03 0.000000000000000000e+00 1.683806739080854337e-04 3.079847908745246944e-04 2.923976608187134341e-01
1.116238755622189034e-03 3.828157349896479933e-01 1.924386920980926674e-01 4.019125683060109037e-04 4.118259963532169940e-04 4.039675383228133313e-04 2.687659574468084876e-04 2.546689303904923762e-01 6.822493224932249479e-04 4.037868089335216321e-02 9.025966109959772110e-01 4.452926208651399173e-04 0.000000000000000000e+00 1.657289374201304216e-04 1.977186311787071935e-04 3.377192982456140302e-01
1.573510119940029969e-02 2.877846790890269402e-01 2.564713896457765929e-01 9.756830601092895267e-03 1.000000000000000021e-02 1.789900811541929662e-02 7.873191489361702072e-03 3.938879456706281812e-01 1.339430894308943180e-02 3.059783461478110533e-02 9.589174692185785664e-01 6.753180661577607921e-03 4.673539518900343692e-03 3.089197222696134226e-03 6.711026615969581041e-03 2.616959064327485374e-01
7.583747188905547512e-03 5.151138716356107317e-01 1.529291553133515225e-01 6.333333333333332959e-04 6.650169314925761513e-04 6.762849413886384614e-04 1.050212765957446795e-03 3.904923599320882927e-02 1.368563685636856476e-03 1.522569172027825601e-01 8.573692551505546211e-01 1.311450381679389295e-03 0.000000000000000000e+00 4.183604237968510837e-03 6.524714828897337955e-04 4.108187134502923610e-01
7.420118065967017118e-02 9.999999999999998890e-01 7.264986376021798087e-01 8.950819672131146579e-05 6.934097421203437757e-05 2.524797114517583524e-04 8.268936170212766142e-04 1.528013582342954181e-02 2.710027100271002708e-04 6.364872639782415131e-01 5.135925880775326080e-01 2.544529262086513968e-04 0.000000000000000000e+00 8.930424598465472666e-03 8.517110266159694427e-05 9.868421052631578538e-01
5.409998125937031527e-02 8.416149068322981153e-01 5.851498637602180475e-01 5.035519125683059899e-03 5.170617348267778079e-03 3.064923354373309469e-02 1.069787234042553214e-02 1.697792869269949129e-02 1.161246612466124671e-02 5.167634290496364580e-01 5.697915396806046973e-01 1.399491094147582715e-02 2.611683848797251017e-01 9.857661062531887508e-02 3.243726235741444322e-03 8.084795321637426868e-01
1.898777173913043445e-02 2.416149068322981375e-01 3.218664850136239708e-01 2.934426229508196524e-02 3.279499869757749458e-02 6.910730387736699343e-02 1.557446808510638304e-02 6.791171477079795959e-01 3.113821138211382220e-02 1.935247659396412134e-02 9.679385590637572534e-01 8.707379134860051412e-03 3.669216273140450402e-01 3.516031873664365870e-03 1.271102661596958117e-02 2.602339181286549841e-01
1.244260682158920481e-02 7.604554865424429932e-01 1.314713896457765652e-01 2.675409836065573664e-03 2.577754623599895923e-03 1.184851217312894549e-02 3.241702127659574269e-03 2.224108658743633171e-01 4.317750677506775048e-03 1.020450860400648613e-01 8.915031086187980014e-01 2.748091603053435129e-03 8.591065292096219941e-02 2.297750335659775028e-03 8.893536121673003116e-04 8.538011695906432275e-01
4.708231821589205224e-02 6.298136645962733038e-01 2.878065395095367740e-01 1.438797814207650252e-02 1.960666840323000565e-02 1.358881875563570756e-02 2.955744680851063802e-02 3.735144312393887805e-02 9.491869918699187905e-03 3.788901093153407285e-01 7.680117030354748353e-01 1.857506361323155164e-02 6.761999778295089275e-03 1.243345546131299773e-01 1.514372623574144344e-02 6.052631578947367252e-01
4.579741379310345306e-03 4.132505175983436918e-01 2.227520435967302592e-01 1.222131147540983552e-03 1.269340974212034272e-03 5.138863841298467114e-03 1.750638297872340399e-03 1.171477079796264809e-01 4.853658536585365828e-03 1.070662691563366298e-01 8.769962208947945648e-01 2.062086513994910737e-03 0.000000000000000000e+00 2.326508356630619702e-03 1.471102661596957947e-03 3.581871345029239984e-01
2.710597826086956486e-02 6.200828157349895786e-01 2.510217983651226170e-01 4.265027322404371115e-04 4.373534774680906440e-04 2.197475202885482669e-03 1.020425531914893576e-03 3.735144312393887805e-02 9.166666666666667580e-04 2.691040326376902825e-01 7.915396806046569589e-01 7.633587786259541904e-04 5.121383438643166246e-03 4.244973871561575490e-03 2.357414448669201351e-04 5.789473684210525439e-01
2.382109726386806570e-02 6.093167701863353436e-01 1.542915531335150026e-01 6.745901639344262322e-04 1.259703047668663672e-02 2.647430117222723377e-03 2.547234042553191656e-03 8.149405772495756095e-02 2.256097560975610025e-03 1.340551284062974080e-01 9.129586736559794913e-01 1.272264631043256876e-03 0.000000000000000000e+00 4.859386727513220934e-03 1.038783269961976972e-03 5.745614035087719396e-01
7.526822526236881528e-02 4.320910973084886031e-01 2.132152588555858430e-01 5.524590163934426160e-03 5.959885386819484265e-03 1.109107303877366994e-02 1.321702127659574524e-02 9.507640067911714288e-02 6.504065040650406498e-03 1.670589465976254073e-01 8.476167255881994489e-01 8.193384223918574391e-03 1.058640948897018180e-02 2.137742688125232951e-02 6.993155893536120993e-03 3.742690058479531956e-01
1.756934032983508212e-02 5.240165631469978491e-01 1.863079019073569653e-01 1.258196721311475273e-02 1.376921073196144853e-02 3.483318304779080277e-02 3.664680851063829847e-02 8.488964346349744949e-02 2.540650406504065331e-02 1.229666823578639129e-01 8.522491771303181141e-01 1.720101781170483429e-02 2.882163839929054346e-03 6.725602393002945434e-02 1.258897338403041667e-02 4.619883040935672258e-01
1.831223060344827624e-02 2.231884057971014468e-01 3.409400544959128587e-01 3.207650273224043475e-02 3.485282625683771424e-02 6.851217312894500311e-02 3.940425531914893559e-02 2.037351443123938954e-01 5.529132791327913410e-02 4.451069616611747631e-02 9.071071559185663880e-01 2.158269720101781142e-02 1.904445183460813651e-03 2.957569892095728709e-02 4.676806083650189572e-02 2.032163742690058228e-01
5.410829741379310186e-03 2.240165631469979435e-01 3.552452316076294414e-01 1.151639344262295021e-02 1.127376921073196085e-02 3.397655545536519550e-02 1.605957446808510547e-02 3.039049235993208642e-01 3.529810298102981081e-02 2.641351535122129709e-02 9.451420212117518371e-01 1.729262086513994739e-02 0.000000000000000000e+00 8.088570987259836170e-03 1.626920152091254623e-02 2.149122807017543602e-01
5.331709145427286764e-04 2.884057971014492572e-01 2.677111716621253801e-01 5.612021857923497024e-03 5.754102630893461259e-03 4.229035166816952351e-02 5.868085106382978262e-03 3.005093378607809895e-01 1.971544715447154719e-02 4.309848841466604186e-02 9.462391807875167871e-01 9.669211195928752861e-03 0.000000000000000000e+00 2.998232097082045074e-03 5.055133079847908516e-03 2.792397660818713434e-01
6.698018178410795062e-04 3.217391304347825831e-01 1.570163487738419905e-01 2.471584699453551696e-03 2.533732742901797282e-03 1.352569882777276793e-02 1.658723404255319075e-03 3.938879456706281812e-01 4.166666666666666609e-03 9.733772686856007050e-02 8.980860660733878120e-01 1.526717557251908381e-03 8.757343975169050443e-02 6.606766246149129752e-04 7.015209125475283924e-04 4.195906432748537918e-01
1.390906109445277407e-02 2.215320910973084811e-01 3.998637602179836992e-01 1.571038251366120228e-02 1.472518885126334991e-02 2.122633002705139743e-02 1.459574468085106380e-02 1.307300509337860905e-01 1.926151761517615191e-02 1.382394476698572128e-01 8.698037303425575351e-01 1.291603053435114515e-02 1.418911428888149952e-02 1.709388417612475036e-02 1.634980988593155715e-02 1.988304093567251629e-01
1.000000000000000000e+00 2.028985507246376940e-01 4.945504087193460796e-01 2.443442622950819376e-01 2.383433185725449266e-01 1.465284039675383287e-01 1.198297872340425563e-01 1.663837011884549966e-01 6.294715447154472510e-02 8.049584183273184035e-02 8.179934170425453566e-01 1.175572519083969425e-01 9.333776743154861277e-01 1.097900884783724607e-01 1.349809885931558817e-01 1.856725146198830445e-01
1.542470952023988068e-03 8.405797101449276054e-01 5.558583106267031004e-01 5.327868852459015982e-05 4.342276634540244543e-05 6.292155094679891436e-05 8.876595744680851417e-04 2.207130730050933798e-02 1.761517615176151760e-04 4.771693080182017876e-01 5.724734853102523280e-01 2.697201017811705001e-04 0.000000000000000000e+00 6.461556114971247176e-03 8.821292775665398719e-05 8.026315789473683626e-01
1.528532608695652294e-05 3.751552795031056209e-01 2.884877384196185557e-01 2.689617486338797503e-05 2.755926022401666988e-05 6.311992786293958810e-05 2.885106382978723218e-05 1.494057724957555122e-01 1.321138211382113820e-04 7.578848266122704957e-02 8.795562599049129293e-01 3.613231552162849710e-05 0.000000000000000000e+00 2.982284933537853740e-05 8.935361216730036812e-05 3.406432748538011368e-01
3.607571214392803866e-05 4.151138716356107539e-01 1.743869209809264520e-01 6.866120218579234490e-05 7.040896066684031499e-05 5.951307484220018384e-05 7.370212765957447380e-05 9.168081494057725433e-02 1.808943089430894470e-04 7.076729954495528108e-02 8.973546263562111047e-01 1.221374045801526640e-04 0.000000000000000000e+00 1.273139719355581784e-04 1.942965779467680507e-04 3.230994152046783308e-01
2.278157796101949162e-05 3.383022774327121840e-01 2.043596730245231807e-01 2.317486338797814188e-05 2.375618650690283849e-05 3.426510369702434725e-05 2.910638297872340297e-05 4.923599320882852265e-02 1.178861788617886232e-04 7.730529839426747429e-02 8.974765329757407040e-01 6.361323155216284920e-05 0.000000000000000000e+00 8.997378648247807533e-05 1.038022813688212881e-04 2.704678362573099126e-01
1.724137931034482897e-04 3.302277432712215077e-01 2.227520435967302592e-01 3.101092896174863331e-05 3.177910914300598872e-05 1.262398557258791660e-05 8.510638297872340891e-05 9.507640067911714288e-02 7.655826558265583733e-05 1.449343584915529226e-01 8.621236133122028855e-01 5.089058524173027665e-05 0.000000000000000000e+00 1.357154753868590393e-04 4.486692015209124755e-05 4.400584795321637044e-01
5.862303223388306113e-05 8.447204968944098669e-01 2.275204359673024535e-01 4.319672131147540575e-06 4.428236519927064251e-06 6.041478809738503660e-06 1.821276595744680945e-05 2.037351443123939024e-02 2.777777777777777911e-05 2.254825043150792407e-01 8.166524442277215412e-01 3.562340966921119365e-05 0.000000000000000000e+00 1.434647618959723585e-04 2.661596958174904763e-05 8.347953216374268681e-01
1.148204413418290881e-01 6.120082815734989579e-01 8.923705722070846003e-02 3.510928961748633476e-02 3.599895806199530923e-02 1.018935978358881944e-01 2.639999999999999986e-02 2.037351443123938954e-01 2.453252032520325532e-02 6.925048381191485636e-02 9.199073509691575445e-01 7.888040712468193105e-02 1.000000000000000000e+00 2.022301131422164083e-02 1.331787072243345929e-02 5.921052631578946901e-01
1.148976293103448273e-02 7.289855072463767849e-01 3.610354223433242526e-01 4.412568306010928470e-04 4.524615785360770943e-04 1.238954012623985634e-03 1.562553191489361639e-03 2.886247877758913588e-02 1.441734417344173614e-03 2.903394529002562563e-01 6.918200658295745598e-01 1.577608142493638725e-03 0.000000000000000000e+00 8.517732797270615927e-03 8.699619771863117274e-04 6.944444444444444198e-01
5.994073275862069235e-03 2.509316770186335033e-01 3.572888283378746754e-01 8.833333333333331927e-03 8.241729617087783372e-03 2.926059513074842112e-03 2.235744680851063908e-03 4.074702886247878048e-02 6.462059620596206401e-03 6.741984413410744004e-02 9.110081677435085679e-01 3.256997455470737705e-03 1.662786830728300684e-03 8.289872540978690876e-03 9.930418250950569237e-03 2.441520467836257036e-01
2.664683283358321053e-05 3.358178053830227494e-01 2.159400544959128310e-01 5.540983606557376486e-05 5.678562125553529631e-05 2.310189359783588808e-04 5.327659574468085078e-05 1.324278438030560279e-01 2.665311653116531196e-04 8.122809770385480688e-02 8.755333414604412612e-01 2.035623409669211066e-04 0.000000000000000000e+00 6.215045669286700159e-05 8.250950570342204188e-05 2.558479532163742687e-01
4.201414917541229296e-03 8.869565217391305323e-01 7.019754768392371114e-01 6.486338797814207786e-05 6.650169314925761513e-05 4.418394950405770896e-05 2.838297872340425306e-04 1.018675721561969512e-02 1.788617886178861841e-04 7.512945237721637692e-01 5.183469462391808724e-01 3.307888040712468050e-04 0.000000000000000000e+00 4.606583000746837520e-03 9.125475285171101656e-05 8.362573099415203659e-01
4.058517616191904180e-05 1.964803312629399556e-01 1.416893732970027353e-01 8.743169398907103818e-03 9.202917426413128460e-03 1.568981064021641170e-01 1.028936170212766017e-02 4.719864176570458536e-01 1.051490514905149137e-01 1.197761389193995572e-02 9.950018285992929812e-01 3.562340966921119512e-02 0.000000000000000000e+00 3.387945499270278178e-03 7.209505703422052110e-03 1.535087719298245668e-01
2.860581428035982154e-03 2.198757763975155155e-01 3.211852861035422446e-01 7.893442622950819915e-03 8.114092211513414254e-03 2.636609558160505143e-02 6.714042553191489071e-03 2.461799660441426063e-01 2.010162601626016426e-02 3.875725717872273435e-02 9.082043154943313379e-01 4.173027989821882604e-03 1.108524553818867150e-04 4.157778131186138336e-03 4.922813688212927460e-03 1.929824561403508665e-01
1.187277455022488692e-03 1.853002070393374445e-01 3.480926430517711778e-01 3.224043715846994316e-03 3.253451419640531177e-03 1.349864743011722386e-02 3.354042553191489365e-03 3.327674023769099931e-01 1.088753387533875419e-02 2.327527590355144352e-02 9.281970010971596352e-01 2.712468193384223996e-03 2.217049107637734130e-06 1.539499913057644411e-03 3.088593155893535648e-03 1.812865497076023291e-01
1.666159107946027073e-03 6.364389233954450553e-01 1.355585831062670332e-01 8.131147540983605190e-06 8.335504037509767504e-06 6.672678088367899236e-05 6.808510638297871629e-05 2.886247877758913588e-02 4.539295392953929806e-05 1.113551964014854317e-01 8.857734975009142753e-01 6.361323155216284920e-05 0.000000000000000000e+00 4.118704059143792019e-04 2.509505703422052955e-05 5.906432748538011923e-01
3.734404282233882988e-02 9.445134575569357205e-01 5.779972752043597284e-01 6.106557377049179726e-05 6.259442563167491526e-05 7.123534715960324769e-05 3.912340425531915088e-04 1.018675721561969512e-02 2.330623306233062383e-04 6.103875725717872180e-01 5.862489333170791683e-01 2.035623409669211066e-04 0.000000000000000000e+00 6.577002341302658206e-03 3.802281368821292537e-04 9.999999999999998890e-01
7.144349700149925375e-02 3.826086956521739246e-01 7.261580381471390844e-01 5.174863387978141660e-02 5.277415993748371670e-02 3.784490532010820890e-02 4.182127659574468026e-02 1.884550084889643484e-01 2.670731707317073461e-02 3.232909671007898056e-01 5.274899427038888255e-01 2.340966921119592634e-02 2.174925174592617222e-02 3.394600561721688309e-02 1.841825095057034178e-02 3.274853801169591017e-01
2.956228916791604419e-02 2.091097308488612805e-01 3.279972752043597284e-01 5.967213114754098269e-02 5.965095076842927974e-02 1.555455365193868511e-01 7.979574468085105787e-02 3.955857385398981463e-01 1.504065040650406637e-01 2.311836393116794772e-02 9.694014384981104460e-01 7.618320610687022432e-02 7.869415807560137949e-04 3.088190726410232692e-02 6.679657794676804872e-02 1.871345029239765978e-01
3.842414730134932708e-03 3.236024844720497007e-01 2.210490463215259160e-01 1.701639344262294903e-03 1.744464704350091096e-03 4.784490532010820564e-03 6.857872340425531614e-03 6.791171477079796515e-02 4.922086720867208803e-03 7.505622679010408305e-02 8.919907350969158433e-01 3.816793893129770843e-03 0.000000000000000000e+00 1.535984371877712439e-02 3.351330798479087124e-03 2.704678362573099126e-01
1.467514289730134924e-01 7.281573498964803992e-01 3.119891008174387470e-01 6.557377049180327863e-04 6.723104975253972561e-04 3.061316501352569826e-03 6.484255319148935978e-03 3.225806451612903136e-02 2.368563685636856497e-03 3.268999424656101049e-01 7.136413507253444033e-01 3.562340966921119338e-03 3.824409710675091834e-02 3.076403665859731712e-02 3.422053231939163175e-03 7.090643274853800637e-01
9.561820652173912485e-03 3.807453416149068626e-01 2.438692098092643257e-01 5.040983606557377207e-04 5.168012503256056225e-04 4.463480613165013585e-04 1.604255319148936243e-04 7.300509337860780490e-02 4.092140921409214414e-04 1.232805063026308906e-01 8.406680482750212846e-01 7.124681933842238460e-04 1.330229464582640634e-03 3.354048590584756437e-04 3.034220532319391165e-04 3.421052631578946901e-01
1.016854853823088382e-03 5.739130434782608869e-01 8.603542234332426375e-01 3.204918032786885254e-04 1.047147694712164540e-04 8.116321009918846252e-04 5.121702127659574647e-04 8.658743633276740070e-02 7.723577235772357717e-04 3.623097442334849982e-01 4.345970986224552135e-01 1.781170483460559615e-04 0.000000000000000000e+00 8.986355263309426470e-04 1.756653992395437204e-04 5.409356725146198253e-01
2.635190217391304365e-02 2.144927536231883980e-01 3.528610354223433165e-01 3.773224043715846937e-02 3.719718676738734131e-02 1.097385031559963975e-01 2.173617021276595673e-02 4.821731748726655331e-01 6.637533875338753886e-02 1.448820545007584171e-02 9.801292210167013019e-01 1.672264631043256927e-02 0.000000000000000000e+00 6.890973606271569296e-03 2.501596958174904725e-02 2.426900584795321503e-01
2.418126874062968747e-03 2.022774327122153215e-01 2.888283378746594465e-01 1.489890710382513542e-02 1.653295128939828024e-02 1.178539224526600621e-01 2.143829787234042411e-02 5.738539898132427597e-01 8.204607046070461207e-02 2.296145195878445538e-02 9.800073143971718137e-01 1.477862595419847207e-02 0.000000000000000000e+00 5.733208920553004538e-03 2.060456273764258231e-02 2.076023391812865382e-01
1.084496814092953537e-02 5.857142857142857428e-01 1.662125340599455159e-01 6.644808743169398728e-03 6.811669705652513215e-03 5.487826871055004503e-03 5.143829787234042647e-03 5.772495755517827176e-02 3.415989159891599011e-03 1.544536848161514875e-01 8.537120565646715287e-01 1.221374045801526705e-02 5.819753907549052308e-02 1.412275659227279177e-02 7.982129277566538464e-03 5.116959064327485374e-01
2.107149550224887789e-03 2.616977225672877938e-01 2.173024523160763111e-01 4.027322404371584674e-02 4.128679343579057248e-02 1.537421100090171355e-01 4.903829787234042364e-02 4.295415959252971150e-01 1.120596205962059722e-01 3.347455410847847979e-02 9.418505424844569873e-01 5.027989821882951349e-02 5.542622769094335749e-05 1.752594498327175385e-02 5.077946768060835614e-02 2.295321637426900596e-01
8.380575337331334224e-03 6.745341614906832373e-01 2.857629427792915955e-01 3.937158469945354830e-03 3.928106277676477950e-03 1.018935978358881866e-03 6.765957446808510507e-04 1.867572156196943903e-02 8.807588075880759884e-04 5.793190020398556461e-01 7.870291356820675599e-01 1.017811704834605587e-03 2.771311384547167875e-05 5.483755843500183642e-03 9.205323193916348321e-04 5.921052631578946901e-01
5.534851714767616282e-02 7.900621118012421951e-01 5.691416893732971216e-01 7.010928961748633245e-04 7.103412346965355022e-04 1.125338142470694346e-03 2.017872340425531930e-03 1.188455008488964286e-02 1.336043360433604487e-03 5.154035252889795915e-01 5.515055467511885690e-01 8.651399491094147708e-04 0.000000000000000000e+00 2.814511770621927825e-02 5.669201520912546836e-04 7.397660818713449604e-01
3.010213643178411003e-02 3.250517598343685144e-01 2.391008174386921037e-01 2.898907103825136555e-02 3.097160718937223139e-02 7.926961226330027366e-02 4.466382978723404396e-02 1.375212224108658676e-01 5.476964769647697101e-02 1.071185731471311353e-01 8.724856759722052768e-01 3.994910941475826593e-02 2.494180246092450939e-02 5.009850649883506452e-02 2.516121673003801976e-02 2.748538011695906280e-01
3.325583302098950467e-03 6.931677018633539689e-01 4.019073569482289332e-01 1.232786885245901469e-04 2.834071372753321053e-05 5.979260595130748415e-04 7.390638297872340230e-04 2.716468590831918467e-02 5.588753387533875556e-04 3.483968826821486342e-01 6.417164452029745503e-01 5.089058524173027936e-04 0.000000000000000000e+00 4.349275761925419995e-03 2.304182509505703304e-04 6.739766081871345627e-01
4.380622188905547649e-05 5.213250517598343459e-01 1.822207084468664973e-01 6.300546448087431588e-06 6.457410784058348231e-06 2.434625788999098214e-05 2.076595744680851064e-05 3.904923599320882927e-02 5.826558265582655957e-05 6.600763638265599864e-02 8.476167255881994489e-01 5.089058524173027665e-05 0.000000000000000000e+00 8.606048482935278450e-05 4.258555133079847214e-05 4.385964912280701511e-01
3.003185907046476786e-04 2.652173913043478493e-01 3.191416893732970106e-01 1.459289617486338652e-03 1.495962490231831244e-03 6.015329125338142457e-03 9.770212765957445814e-04 1.782682512733446412e-01 3.150406504065040702e-03 1.271510016214237038e-01 8.400585151773740655e-01 1.221374045801526748e-03 1.551934375346413972e-02 8.333709633929829545e-04 1.236121673003802175e-03 2.558479532163742687e-01
9.581732571214392549e-03 3.209109730848861419e-01 1.733651226158038350e-01 2.745901639344262238e-03 2.792393852565772105e-03 8.950405770964833460e-03 6.032340425531915011e-03 1.205432937181663833e-01 7.804878048780488665e-03 1.295569851979705978e-01 9.129586736559794913e-01 4.427480916030534543e-03 8.045671211617337268e-03 7.712504382522750689e-03 4.425095057034219778e-03 2.558479532163742687e-01
4.571425224887556288e-02 3.484472049689440465e-01 2.029972752043597006e-01 3.221311475409836117e-02 3.638968481375358388e-02 6.263300270513977308e-02 4.329361702127659806e-02 1.256366723259762230e-01 6.402439024390244038e-02 2.146555782206182317e-01 8.821162989150310718e-01 3.152671755725190705e-02 5.320917858330562536e-03 5.332605256109777814e-02 7.192661596958174752e-02 2.836257309941520033e-01
2.858531671664167953e-02 5.730848861283643902e-01 2.990463215258855612e-01 2.433879781420764804e-03 2.972128158374576570e-03 3.606853020739405127e-03 2.348936170212766010e-03 9.677419354838709409e-02 1.930894308943089483e-03 3.822375647261885834e-01 7.483847372912348916e-01 3.206106870229007578e-03 1.801352399955659031e-02 3.790881604794668191e-03 1.422053231939163350e-03 4.985380116959064467e-01
1.382355697151424305e-02 9.811594202898550332e-01 4.359673024523161300e-01 3.827868852459016249e-04 4.623599895806199448e-04 5.605951307484220670e-04 3.352340425531914921e-03 2.546689303904923693e-02 8.848238482384824600e-04 3.547779695590773663e-01 6.289162501523832827e-01 4.452926208651399173e-04 0.000000000000000000e+00 2.087513869140656536e-02 2.319391634980988383e-04 9.853801169590643561e-01
3.535536919040480064e-02 2.171842650103519567e-01 5.592643051771117868e-01 3.606557377049179891e-02 4.688721021099244435e-02 2.967538322813345272e-02 2.545531914893616951e-02 1.069609507640067875e-01 2.130758807588075884e-02 1.063863172760081549e-01 8.149457515543093722e-01 1.541984732824427419e-02 7.981376787495842937e-03 3.630470378889326388e-02 4.119125475285170812e-02 2.046783625730994038e-01
4.853823088455772386e-03 3.888198757763975388e-01 1.450953678474114494e-01 9.975409836065573729e-03 1.175306069288877334e-02 6.265103697024346219e-02 5.418723404255318746e-03 4.278438030560271499e-01 3.093495934959349797e-02 7.589309064281604678e-02 9.172254053395099138e-01 1.577608142493638552e-02 2.588404833167054497e-01 1.962171705185951267e-03 4.318631178707224225e-03 4.298245614035087203e-01
1.433775299850074958e-02 2.231884057971014468e-01 3.467302452316076700e-01 9.218579234972676395e-02 1.031258140140661611e-01 3.130748422001803366e-01 1.516595744680851177e-01 5.025466893039048921e-01 2.976964769647696407e-01 2.698885924996077129e-02 9.555040838717542284e-01 8.610687022900763432e-02 2.169382551823522964e-01 4.626871157969506682e-02 1.326920152091254634e-01 2.426900584795321503e-01
5.640588690029985086e-01 2.927536231884058093e-01 2.809945504087193457e-01 9.999999999999998890e-01 1.000000000000000000e+00 7.168620378719567920e-01 1.000000000000000000e+00 6.808149405772495610e-01 1.000000000000000000e+00 3.399759401642345191e-02 9.473363403632816260e-01 1.000000000000000000e+00 8.646491519787163904e-01 2.263882776736651503e-01 6.904939163498098331e-01 3.040935672514619714e-01
1.032023050974512773e-02 2.917184265010351885e-01 3.085831062670300051e-01 1.606010928961748617e-03 2.223495702005730702e-03 1.983769161406672560e-03 4.193191489361701961e-03 2.461799660441426063e-01 1.403116531165311646e-03 6.250326899942465486e-02 9.280750944776301470e-01 2.111959287531806582e-03 0.000000000000000000e+00 2.614930630466303415e-03 3.598859315589353087e-03 2.792397660818713434e-01
2.620174287856072079e-02 5.428571428571428159e-01 2.707765667574932311e-01 1.274863387978142013e-02 1.242511070591299782e-02 3.336339044183949699e-03 4.050212765957446857e-03 3.056027164685908362e-02 1.910569105691057017e-03 3.718813745488780409e-01 7.825185907594782719e-01 7.226463104325699799e-03 1.588515685622436668e-02 2.055493462087041104e-02 6.528897338403041352e-03 4.298245614035087203e-01
7.144865067466267192e-04 4.774327122153208536e-01 2.690735694822888879e-01 1.230327868852458973e-05 1.261265954675696705e-05 2.398557258791704375e-05 4.936170212765957202e-05 4.923599320882852265e-02 9.349593495934960426e-05 2.885088132224488677e-01 7.617944654394733783e-01 3.053435114503816599e-05 0.000000000000000000e+00 1.575073294869211806e-04 2.471482889733839919e-05 4.049707602339180923e-01
5.341372282608695954e-02 3.915113871635610976e-01 1.668937329700272698e-01 2.439890710382513345e-02 2.336545975514456655e-02 3.231740306582506911e-02 1.235744680851063801e-02 9.847198641765704530e-02 1.014905149051490568e-02 1.161148595637847142e-01 9.058880897232720608e-01 2.544529262086513838e-02 2.882163839929054450e-01 1.942510349879084108e-02 1.080532319391634861e-02 3.304093567251461527e-01
1.930050599700150124e-02 3.534161490683229712e-01 2.111716621253406367e-01 8.759562841530054225e-03 8.981505600416774329e-03 2.138863841298467225e-02 1.933617021276595738e-02 4.584040747028862717e-02 1.782520325203252112e-02 1.357288561117213077e-01 8.607826404973790702e-01 9.414758269720100922e-03 3.984037246425008172e-02 6.394755627065207282e-02 1.673764258555133014e-02 2.836257309941520033e-01
3.092028204647676373e-02 8.917184265010351663e-01 2.905313351498637897e-01 7.724043715846993976e-04 7.918728835634279315e-04 4.028854824165915317e-03 1.382978723404255320e-03 1.358234295415959234e-02 2.529810298102981060e-03 3.216695433861603837e-01 7.527733755942948024e-01 3.969465648854962093e-03 4.628090012193770281e-02 1.586683292299140291e-02 2.061596958174904612e-03 9.751461988304093165e-01
4.407643834332833355e-02 8.567287784679089579e-01 6.890326975476840365e-01 1.460382513661201984e-03 2.127376921073196279e-03 1.395852119026149774e-03 8.007659574468085168e-04 1.528013582342954181e-02 1.029132791327913446e-03 4.617919347246195461e-01 4.839692795318786267e-01 5.597964376590330296e-04 0.000000000000000000e+00 8.621048707092749883e-03 3.361216730038022534e-04 7.997076023391812560e-01
2.287410982008995439e-02 6.157349896480330820e-01 8.399182561307902972e-01 3.065573770491802994e-03 2.302422505860901060e-03 1.270513976555455449e-03 2.074042553191489478e-03 3.225806451612903136e-02 1.083333333333333500e-03 3.540457136879543998e-01 4.470315738144581275e-01 1.170483460559796404e-03 0.000000000000000000e+00 9.757984553867674743e-03 1.144106463878326796e-03 5.175438596491227505e-01
