6.475000000000000000e+05 4.702000000000000313e+01 2.075000000000000000e+01 6.522000000000000000e+08 5.400000000000000000e+08 4.460000000000000000e+08 2.150000000000000000e+10 8.000000000000000000e+02 3.759000000000000000e+09 1.630699999999999932e+02 1.000000000000000000e+03 4.289999999999999858e+01 3.500000000000000000e+03 0.000000000000000000e+00 2.992898700000000000e+07 3.310000000000000000e+04 6.750000000000000000e+00
2.874800000000000000e+04 1.508000000000000007e+01 5.120000000000000107e+00 6.760000000000000000e+09 5.680000000000000000e+09 5.524000000000000000e+08 1.746000000000000000e+10 4.900000000000000000e+03 2.076000000000000000e+09 2.151999999999999957e+01 3.000000000000000000e+04 7.723999999999999488e+01 7.500000000000000000e+03 2.000000000000000000e+03 3.563112000000000000e+06 2.550000000000000000e+05 2.040000000000000036e+00
2.381740000000000000e+06 1.712999999999999901e+01 4.599999999999999645e+00 2.361000000000000000e+10 2.576000000000000000e+10 3.216000000000000000e+10 2.123000000000000000e+11 6.600000000000000000e+03 1.525000000000000000e+10 3.100000000000000000e+01 5.000000000000000000e+05 7.300000000000000000e+01 2.090000000000000000e+05 1.200000000000000000e+06 3.253185300000000000e+07 2.199600000000000000e+06 1.919999999999999929e+00
1.246700000000000000e+06 4.464000000000000057e+01 2.589999999999999858e+01 1.587000000000000000e+09 1.707000000000000000e+09 1.276000000000000000e+10 2.317000000000000000e+10 2.100000000000000000e+03 4.896000000000000000e+09 1.911899999999999977e+02 4.100000000000000000e+04 3.660999999999999943e+01 3.100000000000000000e+04 9.800000000000000000e+05 1.119078600000000000e+07 9.630000000000000000e+04 6.269999999999999574e+00
4.430000000000000000e+02 1.726000000000000156e+01 5.440000000000000391e+00 1.030000000000000000e+08 1.108000000000000000e+08 6.890000000000000000e+08 7.500000000000000000e+08 1.100000000000000000e+04 6.920000000000000000e+08 1.946000000000000085e+01 1.000000000000000000e+04 7.190000000000000568e+01 3.600000000000000000e+03 0.000000000000000000e+00 6.872200000000000000e+04 3.800000000000000000e+04 2.259999999999999787e+00
2.766890000000000000e+06 1.689999999999999858e+01 7.559999999999999609e+00 8.165000000000000000e+10 8.139000000000000000e+10 3.378000000000000000e+10 4.835000000000000000e+11 1.240000000000000000e+04 2.206000000000000000e+10 1.517999999999999972e+01 4.100000000000000000e+06 7.590999999999999659e+01 4.860000000000000000e+05 7.550000000000000000e+05 3.953794300000000000e+07 8.009400000000000000e+06 2.189999999999999947e+00
2.980000000000000000e+04 1.175999999999999979e+01 8.160000000000000142e+00 5.797000000000000000e+09 6.492000000000000000e+09 8.500000000000000000e+08 1.365000000000000000e+10 4.600000000000000000e+03 1.300000000000000000e+09 2.328000000000000114e+01 1.500000000000000000e+05 7.154999999999999716e+01 5.700000000000000000e+03 0.000000000000000000e+00 2.982904000000000000e+06 5.626000000000000000e+05 1.320000000000000062e+00
1.930000000000000000e+02 1.125999999999999979e+01 6.570000000000000284e+00 7.512000000000000000e+08 8.077000000000000000e+08 1.280000000000000000e+08 1.940000000000000000e+09 2.800000000000000000e+04 8.410000000000000000e+08 5.889999999999999680e+00 2.400000000000000000e+04 7.914000000000000057e+01 6.500000000000000000e+03 0.000000000000000000e+00 7.156600000000000000e+04 3.710000000000000000e+04 1.790000000000000036e+00
7.686850000000000000e+06 1.225999999999999979e+01 7.440000000000000391e+00 1.956000000000000000e+11 2.103000000000000000e+11 8.689000000000000000e+10 6.117000000000000000e+11 3.070000000000000000e+04 9.810000000000000000e+10 4.690000000000000391e+00 9.472000000000000000e+06 8.039000000000000057e+01 7.965000000000000000e+05 5.375000000000000000e+05 2.009043700000000000e+07 1.081500000000000000e+07 1.760000000000000009e+00
8.387000000000000000e+04 8.810000000000000497e+00 9.699999999999999289e+00 5.509000000000000000e+10 5.849000000000000000e+10 1.027000000000000000e+11 2.559000000000000000e+11 3.130000000000000000e+04 1.012000000000000000e+11 4.660000000000000142e+00 3.730000000000000000e+06 7.892000000000000171e+01 2.624000000000000000e+05 2.067000000000000000e+04 8.184691000000000000e+06 3.881000000000000000e+06 1.360000000000000098e+00
8.660000000000000000e+04 2.039999999999999858e+01 9.859999999999999432e+00 1.737000000000000000e+10 1.755000000000000000e+10 3.168000000000000000e+09 3.001000000000000000e+10 3.800000000000000000e+03 3.622000000000000000e+09 8.173999999999999488e+01 3.000000000000000000e+05 6.335000000000000142e+01 1.400000000000000000e+05 3.128000000000000000e+05 7.911974000000000000e+06 9.238000000000000000e+05 2.439999999999999947e+00
1.394000000000000000e+04 1.787000000000000099e+01 8.970000000000000639e+00 1.596000000000000000e+09 1.716000000000000000e+09 6.360000000000000000e+08 5.295000000000000000e+09 1.770000000000000000e+04 1.630000000000000000e+09 2.521000000000000085e+01 8.400000000000000000e+04 6.554000000000000625e+01 2.300000000000000000e+04 0.000000000000000000e+00 3.017900000000000000e+05 1.317000000000000000e+05 2.200000000000000178e+00
6.650000000000000000e+02 1.810000000000000142e+01 4.080000000000000071e+00 6.379000000000000000e+09 6.860000000000000000e+09 8.205000000000000000e+09 1.301000000000000000e+10 1.920000000000000000e+04 5.870000000000000000e+09 1.726999999999999957e+01 1.957000000000000000e+05 7.423000000000000398e+01 4.000000000000000000e+04 4.400000000000000000e+04 6.883450000000000000e+05 1.858000000000000000e+05 2.629999999999999893e+00
1.440000000000000000e+05 3.001000000000000156e+01 8.400000000000000355e+00 1.530000000000000000e+10 1.645000000000000000e+10 7.478000000000000000e+09 2.757000000000000000e+11 2.000000000000000000e+03 1.003000000000000000e+10 6.260000000000000142e+01 2.430000000000000000e+05 6.207999999999999829e+01 7.100000000000000000e+04 3.581000000000000000e+03 1.443196280000000000e+08 7.400000000000000000e+05 3.129999999999999893e+00
4.310000000000000000e+02 1.283000000000000007e+01 9.169999999999999929e+00 7.440000000000000000e+08 8.000000000000000000e+08 2.060000000000000000e+08 4.569000000000000000e+09 1.640000000000000000e+04 1.039000000000000000e+09 1.250000000000000000e+01 1.000000000000000000e+05 7.140999999999999659e+01 1.090000000000000000e+04 1.271000000000000000e+03 2.792540000000000000e+05 1.340000000000000000e+05 1.649999999999999911e+00
2.076000000000000000e+05 1.083000000000000007e+01 1.415000000000000036e+01 3.430000000000000000e+10 3.000000000000000000e+10 1.147000000000000000e+10 7.050000000000000000e+10 6.800000000000000000e+03 1.357000000000000000e+10 1.336999999999999922e+01 1.391900000000000000e+06 6.871999999999999886e+01 2.850000000000000000e+05 3.600000000000000000e+04 1.030048300000000000e+07 3.071300000000000000e+06 1.389999999999999902e+00
3.052800000000000000e+04 1.048000000000000043e+01 1.022000000000000064e+01 7.882000000000000000e+10 7.658000000000000000e+10 2.557000000000000000e+11 3.162000000000000000e+11 3.060000000000000000e+04 2.350000000000000000e+11 4.679999999999999716e+00 3.400000000000000000e+06 7.862000000000000455e+01 5.951000000000000000e+05 0.000000000000000000e+00 1.036438800000000000e+07 5.120400000000000000e+06 1.639999999999999902e+00
2.296600000000000000e+04 2.933999999999999986e+01 6.040000000000000036e+00 1.088000000000000000e+08 1.170000000000000000e+08 4.014000000000000000e+08 1.778000000000000000e+09 6.500000000000000000e+03 5.799000000000000000e+08 2.569000000000000128e+01 3.000000000000000000e+04 6.748999999999999488e+01 5.000000000000000000e+03 0.000000000000000000e+00 2.794570000000000000e+05 3.330000000000000000e+04 3.680000000000000160e+00
1.126200000000000000e+05 4.199000000000000199e+01 1.375999999999999979e+01 5.652000000000000000e+08 2.852000000000000000e+08 7.209000000000000000e+08 8.338000000000000000e+09 1.200000000000000000e+03 9.345000000000000000e+08 8.500000000000000000e+01 7.000000000000000000e+04 5.050999999999999801e+01 1.150000000000000000e+04 7.000000000000000000e+02 7.460025000000000000e+06 6.650000000000000000e+04 5.860000000000000320e+00
5.300000000000000000e+01 1.159999999999999964e+01 7.629999999999999893e+00 5.980000000000000000e+08 6.430000000000000000e+08 8.790000000000000000e+08 2.330000000000000000e+09 3.600000000000000000e+04 5.523000000000000000e+09 8.529999999999999361e+00 3.450000000000000000e+04 7.779000000000000625e+01 4.000000000000000000e+03 0.000000000000000000e+00 6.536500000000000000e+04 5.600000000000000000e+04 1.889999999999999902e+00
4.700000000000000000e+04 3.403000000000000114e+01 1.293999999999999950e+01 3.129000000000000000e+08 2.001000000000000000e+09 1.540000000000000000e+08 2.900000000000000000e+09 1.400000000000000000e+03 1.960000000000000000e+08 1.004399999999999977e+02 1.500000000000000000e+04 5.439000000000000057e+01 1.020000000000000000e+03 0.000000000000000000e+00 2.232291000000000000e+06 2.520000000000000000e+04 4.809999999999999609e+00
1.098580000000000000e+06 2.376000000000000156e+01 7.639999999999999680e+00 3.848000000000000000e+09 4.132000000000000000e+09 1.986000000000000000e+09 2.233000000000000000e+10 2.600000000000000000e+03 1.595000000000000000e+09 5.310999999999999943e+01 2.700000000000000000e+05 6.550000000000000000e+01 4.900000000000000000e+04 3.900000000000000000e+04 8.857870000000000000e+06 6.001000000000000000e+05 2.939999999999999947e+00
5.112900000000000000e+04 1.249000000000000021e+01 8.439999999999999503e+00 8.318000000000000000e+09 1.004000000000000000e+10 1.700000000000000000e+09 2.621000000000000000e+10 6.500000000000000000e+03 5.200000000000000000e+09 2.105000000000000071e+01 1.000000000000000000e+05 7.284999999999999432e+01 2.000000000000000000e+04 0.000000000000000000e+00 4.025476000000000000e+06 9.380000000000000000e+05 1.709999999999999964e+00
6.003700000000000000e+05 2.332999999999999829e+01 2.935999999999999943e+01 1.890000000000000000e+09 9.300000000000000000e+08 2.940000000000000000e+09 1.505000000000000000e+10 9.200000000000000000e+03 2.255000000000000000e+09 5.457999999999999829e+01 6.000000000000000000e+04 3.386999999999999744e+01 1.600000000000000000e+04 0.000000000000000000e+00 1.640115000000000000e+06 1.424000000000000000e+05 2.850000000000000089e+00
8.511965000000000000e+06 1.682999999999999829e+01 6.150000000000000355e+00 3.519000000000000000e+11 3.390000000000000000e+11 9.500000000000000000e+10 1.492000000000000000e+12 8.100000000000000000e+03 6.100000000000000000e+10 2.960999999999999943e+01 1.430000000000000000e+07 7.168999999999999773e+01 2.199000000000000000e+06 1.788000000000000000e+06 1.861127940000000000e+08 3.881000000000000000e+07 1.929999999999999938e+00
1.530000000000000000e+02 1.496000000000000085e+01 4.419999999999999929e+00 3.374000000000000000e+07 3.628000000000000000e+07 2.530000000000000000e+07 2.498000000000000000e+09 3.850000000000000000e+04 1.870000000000000000e+08 1.805000000000000071e+01 4.000000000000000000e+03 7.626999999999999602e+01 4.200000000000000000e+02 0.000000000000000000e+00 2.264300000000000000e+04 1.170000000000000000e+04 1.719999999999999973e+00
5.770000000000000000e+03 1.901000000000000156e+01 3.419999999999999929e+00 2.286000000000000000e+09 2.458000000000000000e+09 7.700000000000000000e+09 6.842000000000000000e+09 2.360000000000000000e+04 5.200000000000000000e+09 1.260999999999999943e+01 3.500000000000000000e+04 7.479999999999999716e+01 1.300000000000000000e+04 2.040000000000000000e+05 3.723610000000000000e+05 9.000000000000000000e+04 2.299999999999999822e+00
1.109100000000000000e+05 9.660000000000000142e+00 1.425999999999999979e+01 3.271000000000000000e+10 4.307000000000000000e+10 9.134000000000000000e+09 6.163000000000000000e+10 8.200000000000000000e+03 1.223000000000000000e+10 2.055000000000000071e+01 6.300000000000000000e+05 7.203000000000000114e+01 9.400000000000000000e+04 6.030000000000000000e+02 7.450349000000000000e+06 2.868200000000000000e+06 1.379999999999999893e+00
2.742000000000000000e+05 4.417000000000000171e+01 1.885999999999999943e+01 3.357000000000000000e+08 3.610000000000000000e+08 4.186000000000000000e+08 1.574000000000000000e+10 1.200000000000000000e+03 8.663000000000000000e+08 9.756999999999999318e+01 4.800000000000000000e+04 4.392000000000000171e+01 8.000000000000000000e+03 0.000000000000000000e+00 1.392531300000000000e+07 6.540000000000000000e+04 6.230000000000000426e+00
6.785000000000000000e+05 1.810999999999999943e+01 1.215000000000000036e+01 3.484000000000000000e+09 5.068000000000000000e+09 2.137000000000000000e+09 7.430000000000000000e+10 1.700000000000000000e+03 1.754000000000000000e+09 6.723999999999999488e+01 2.800000000000000000e+04 5.621999999999999886e+01 6.095000000000000000e+04 1.755000000000000000e+04 4.290946400000000000e+07 3.573000000000000000e+05 2.009999999999999787e+00
2.783000000000000000e+04 3.965999999999999659e+01 1.742999999999999972e+01 1.378000000000000000e+08 1.320000000000000000e+08 3.184000000000000000e+07 4.001000000000000000e+09 6.000000000000000000e+02 1.382000000000000000e+08 6.929000000000000625e+01 1.400000000000000000e+04 4.350000000000000000e+01 2.750000000000000000e+03 0.000000000000000000e+00 6.370609000000000000e+06 2.390000000000000000e+04 5.809999999999999609e+00
1.810400000000000000e+05 2.707999999999999829e+01 8.970000000000000639e+00 1.006000000000000000e+08 1.220000000000000000e+08 2.311000000000000000e+09 2.699000000000000000e+10 2.000000000000000000e+03 3.129000000000000000e+09 7.148000000000000398e+01 3.000000000000000000e+04 5.886999999999999744e+01 7.200000000000000000e+03 0.000000000000000000e+00 1.360706900000000000e+07 3.540000000000000000e+04 3.439999999999999947e+00
4.754400000000000000e+05 3.467000000000000171e+01 1.540000000000000036e+01 3.321000000000000000e+09 3.571000000000000000e+09 2.445000000000000000e+09 3.017000000000000000e+10 1.900000000000000000e+03 1.979000000000000000e+09 6.826000000000000512e+01 6.000000000000000000e+04 4.784000000000000341e+01 2.200000000000000000e+04 9.400000000000000000e+04 1.638000500000000000e+07 1.109000000000000000e+05 4.469999999999999751e+00
9.984670000000000000e+06 1.083999999999999986e+01 7.730000000000000426e+00 4.873000000000000000e+11 5.489000000000000000e+11 3.156000000000000000e+11 1.023000000000000000e+12 3.150000000000000000e+04 2.561000000000000000e+11 4.750000000000000000e+00 1.611000000000000000e+07 8.009999999999999432e+01 2.200000000000000000e+06 3.110000000000000000e+06 3.280504100000000000e+07 1.995090000000000000e+07 1.610000000000000098e+00
4.033000000000000000e+03 2.532999999999999829e+01 6.620000000000000107e+00 4.006000000000000000e+07 4.308000000000000000e+07 6.111000000000000000e+07 6.000000000000000000e+08 1.400000000000000000e+03 3.873000000000000000e+08 4.777000000000000313e+01 2.040000000000000000e+04 7.045000000000000284e+01 2.000000000000000000e+03 0.000000000000000000e+00 4.182240000000000000e+05 7.170000000000000000e+04 3.479999999999999982e+00
2.620000000000000000e+02 1.291999999999999993e+01 4.809999999999999609e+00 3.821000000000000000e+08 4.108000000000000000e+08 1.200000000000000000e+06 1.391000000000000000e+09 3.230000000000000000e+04 4.574000000000000000e+08 8.189999999999999503e+00 9.909000000000000000e+03 7.995000000000000284e+01 2.400000000000000000e+03 0.000000000000000000e+00 4.427000000000000000e+04 3.800000000000000000e+04 1.899999999999999911e+00
6.229840000000000000e+05 3.517000000000000171e+01 2.026999999999999957e+01 9.858000000000000000e+07 1.060000000000000000e+08 1.720000000000000000e+08 4.248000000000000000e+09 1.100000000000000000e+03 1.360000000000000000e+08 9.100000000000000000e+01 5.000000000000000000e+03 4.100999999999999801e+01 2.400000000000000000e+03 0.000000000000000000e+00 3.799897000000000000e+06 9.000000000000000000e+03 4.500000000000000000e+00
1.284000000000000000e+06 4.597999999999999687e+01 1.641000000000000014e+01 8.940000000000000000e+07 9.613000000000000000e+07 3.650000000000000000e+08 1.566000000000000000e+10 1.600000000000000000e+03 5.007000000000000000e+08 9.381999999999999318e+01 1.500000000000000000e+04 4.793999999999999773e+01 1.500000000000000000e+03 2.000000000000000000e+05 9.826419000000000000e+06 1.180000000000000000e+04 6.320000000000000284e+00
7.569500000000000000e+05 1.543999999999999950e+01 5.759999999999999787e+00 4.180000000000000000e+10 4.860000000000000000e+10 2.920000000000000000e+10 1.691000000000000000e+11 1.070000000000000000e+04 2.253000000000000000e+10 8.800000000000000711e+00 3.575000000000000000e+06 7.657999999999999829e+01 2.400000000000000000e+05 1.850000000000000000e+04 1.598091200000000000e+07 3.467000000000000000e+06 2.020000000000000018e+00
9.596960000000000000e+06 1.314000000000000057e+01 6.940000000000000391e+00 1.630000000000000000e+12 1.910000000000000000e+12 5.831000000000000000e+11 7.262000000000000000e+12 5.600000000000000000e+03 5.524000000000000000e+11 2.417999999999999972e+01 9.400000000000000000e+07 7.226999999999999602e+01 4.956000000000000000e+06 3.392000000000000000e+06 1.306313812000000000e+09 2.630000000000000000e+08 1.719999999999999973e+00
1.138910000000000000e+06 2.082000000000000028e+01 5.589999999999999858e+00 4.114000000000000000e+10 4.487000000000000000e+10 1.550000000000000000e+10 2.811000000000000000e+11 6.600000000000000000e+03 1.534000000000000000e+10 2.096999999999999886e+01 2.732200000000000000e+06 7.171999999999999886e+01 2.520000000000000000e+05 5.311000000000000000e+05 4.295427900000000000e+07 8.768100000000000000e+06 2.560000000000000053e+00
2.170000000000000000e+03 3.752000000000000313e+01 8.400000000000000355e+00 2.217000000000000000e+07 2.384000000000000000e+07 2.800000000000000000e+07 4.410000000000000000e+08 7.000000000000000000e+02 8.800000000000000000e+07 7.493000000000000682e+01 5.000000000000000000e+03 6.196000000000000085e+01 7.000000000000000000e+02 0.000000000000000000e+00 6.712470000000000000e+05 1.320000000000000000e+04 5.089999999999999858e+00
2.345410000000000000e+06 4.438000000000000256e+01 1.442999999999999972e+01 4.168000000000000000e+09 6.086000000000000000e+09 1.417000000000000000e+09 4.274000000000000000e+10 7.000000000000000000e+02 9.330000000000000000e+08 9.287000000000000455e+01 5.000000000000000000e+04 4.935000000000000142e+01 1.400000000000000000e+04 2.400000000000000000e+04 6.008580400000000000e+07 1.000000000000000000e+04 6.540000000000000036e+00
3.420000000000000000e+05 2.787999999999999901e+01 1.482000000000000028e+01 5.736000000000000000e+08 3.480000000000000000e+08 2.224000000000000000e+09 2.324000000000000000e+09 8.000000000000000000e+02 7.493000000000000000e+08 9.240999999999999659e+01 1.500000000000000000e+04 4.896999999999999886e+01 5.000000000000000000e+03 2.270000000000000000e+05 3.039126000000000000e+06 7.000000000000000000e+03 3.540000000000000036e+00
5.110000000000000000e+04 1.860000000000000142e+01 4.330000000000000071e+00 5.733000000000000000e+09 6.614000000000000000e+09 6.184000000000000000e+09 3.797000000000000000e+10 9.600000000000000000e+03 7.842000000000000000e+09 9.949999999999999289e+00 8.000000000000000000e+05 7.684000000000000341e+01 3.700000000000000000e+04 0.000000000000000000e+00 4.016173000000000000e+06 1.132000000000000000e+06 2.279999999999999805e+00
3.224600000000000000e+05 3.550999999999999801e+01 1.493999999999999950e+01 2.976000000000000000e+09 4.759000000000000000e+09 5.124000000000000000e+09 2.478000000000000000e+10 1.500000000000000000e+03 3.360000000000000000e+09 9.082999999999999829e+01 9.000000000000000000e+04 4.861999999999999744e+01 3.200000000000000000e+04 2.930000000000000000e+04 1.729804000000000000e+07 3.280000000000000000e+05 4.580000000000000071e+00
5.654200000000000000e+04 9.570000000000000284e+00 1.138000000000000078e+01 1.520000000000000000e+10 1.251000000000000000e+10 7.845000000000000000e+09 5.033000000000000000e+10 1.120000000000000000e+04 1.670000000000000000e+10 6.839999999999999858e+00 1.014000000000000000e+06 7.445000000000000284e+01 8.900000000000000000e+04 2.100000000000000000e+04 4.495904000000000000e+06 1.825000000000000000e+06 1.389999999999999902e+00
1.108600000000000000e+05 1.202999999999999936e+01 7.190000000000000391e+00 1.340000000000000000e+10 1.441000000000000000e+10 2.104000000000000000e+09 3.392000000000000000e+10 3.000000000000000000e+03 5.296000000000000000e+09 6.330000000000000071e+00 1.200000000000000000e+05 7.723000000000000398e+01 1.630000000000000000e+05 7.790000000000000000e+04 1.134667000000000000e+07 5.744000000000000000e+05 1.659999999999999920e+00
9.250000000000000000e+03 1.257000000000000028e+01 7.639999999999999680e+00 6.020000000000000000e+08 4.000000000000000000e+09 4.930000000000000000e+07 4.540000000000000000e+09 7.135000000000000000e+03 4.152000000000000000e+08 7.179999999999999716e+00 2.100000000000000000e+05 7.765000000000000568e+01 4.900000000000000000e+04 3.000000000000000000e+02 7.801330000000000000e+05 8.622800000000000000e+04 1.830000000000000071e+00
7.886600000000000000e+04 9.070000000000000284e+00 1.053999999999999915e+01 5.533000000000000000e+10 7.175000000000000000e+10 6.651000000000000000e+10 1.722000000000000000e+11 1.680000000000000000e+04 6.819000000000000000e+10 3.930000000000000160e+00 2.700000000000000000e+06 7.601999999999999602e+01 1.757000000000000000e+05 7.419000000000000000e+03 1.024113800000000000e+07 3.626000000000000000e+06 1.199999999999999956e+00
4.309400000000000000e+04 1.135999999999999943e+01 1.042999999999999972e+01 3.163000000000000000e+10 3.638000000000000000e+10 7.306000000000000000e+10 1.744000000000000000e+11 3.220000000000000000e+04 6.345000000000000000e+10 4.559999999999999609e+00 2.756000000000000000e+06 7.762000000000000455e+01 2.180000000000000000e+05 3.462000000000000000e+05 5.432335000000000000e+06 3.610100000000000000e+06 1.739999999999999991e+00
2.300000000000000000e+04 3.997999999999999687e+01 1.939000000000000057e+01 1.674000000000000000e+08 1.800000000000000000e+08 1.550000000000000000e+08 6.190000000000000000e+08 1.300000000000000000e+03 6.650000000000000000e+08 1.041299999999999955e+02 6.500000000000000000e+03 4.310000000000000142e+01 1.130000000000000000e+04 0.000000000000000000e+00 4.767030000000000000e+05 9.500000000000000000e+03 5.400000000000000355e+00
7.540000000000000000e+02 1.573000000000000043e+01 6.809999999999999609e+00 6.362000000000000000e+07 6.841000000000000000e+07 3.900000000000000000e+07 3.840000000000000000e+08 5.500000000000000000e+03 9.820000000000000000e+07 1.415000000000000036e+01 1.250000000000000000e+04 7.465000000000000568e+01 6.000000000000000000e+02 0.000000000000000000e+00 6.902900000000000000e+04 2.370000000000000000e+04 1.959999999999999964e+00
4.873000000000000000e+04 2.328000000000000114e+01 7.349999999999999645e+00 8.912000000000000000e+09 9.583000000000000000e+09 5.446000000000000000e+09 5.568000000000000000e+10 6.300000000000000000e+03 8.093000000000000000e+09 3.238000000000000256e+01 5.000000000000000000e+05 6.726000000000000512e+01 1.290000000000000000e+05 0.000000000000000000e+00 8.950034000000000000e+06 9.018000000000000000e+05 2.859999999999999876e+00
2.835600000000000000e+05 2.267000000000000171e+01 4.240000000000000213e+00 7.558000000000000000e+10 8.127000000000000000e+10 7.560000000000000000e+09 4.951000000000000000e+10 3.700000000000000000e+03 7.650000000000000000e+09 2.366000000000000014e+01 5.697000000000000000e+05 7.620999999999999375e+01 1.290000000000000000e+05 5.230000000000000000e+05 1.336359300000000000e+07 1.549000000000000000e+06 2.720000000000000195e+00
1.001450000000000000e+06 2.332000000000000028e+01 5.259999999999999787e+00 7.558000000000000000e+10 8.127000000000000000e+10 1.100000000000000000e+10 3.163000000000000000e+11 4.200000000000000000e+03 1.921000000000000000e+10 3.259000000000000341e+01 2.700000000000000000e+06 7.100000000000000000e+01 5.620000000000000000e+05 7.400000000000000000e+05 7.750575600000000000e+07 8.735700000000000000e+06 2.879999999999999893e+00
2.104000000000000000e+04 2.703999999999999915e+01 5.849999999999999645e+00 4.450000000000000000e+09 4.158000000000000000e+09 3.249000000000000000e+09 3.235000000000000000e+10 4.900000000000000000e+03 5.968000000000000000e+09 2.510000000000000142e+01 5.500000000000000000e+05 7.121999999999999886e+01 3.900000000000000000e+04 0.000000000000000000e+00 6.704932000000000000e+06 7.526000000000000000e+05 3.160000000000000142e+00
2.805100000000000000e+04 3.617999999999999972e+01 1.200000000000000000e+01 2.482000000000000000e+07 2.669000000000000000e+07 2.771000000000000000e+09 1.270000000000000000e+09 2.700000000000000000e+03 1.167000000000000000e+09 8.512999999999999545e+01 1.800000000000000000e+03 5.556000000000000227e+01 2.000000000000000000e+03 3.500000000000000000e+05 5.358810000000000000e+05 9.600000000000000000e+03 4.620000000000000107e+00
1.213200000000000000e+05 3.861999999999999744e+01 1.352999999999999936e+01 2.294000000000000000e+08 2.466000000000000000e+08 6.444000000000000000e+07 4.154000000000000000e+09 9.000000000000000000e+02 6.220000000000000000e+08 7.487000000000000455e+01 9.500000000000000000e+03 5.215999999999999659e+01 6.000000000000000000e+03 0.000000000000000000e+00 4.561599000000000000e+06 3.810000000000000000e+04 5.610000000000000320e+00
4.522600000000000000e+04 9.910000000000000142e+00 1.321000000000000085e+01 6.358000000000000000e+09 8.301000000000000000e+09 5.701000000000000000e+09 1.923000000000000000e+10 1.430000000000000000e+04 7.318000000000000000e+09 7.870000000000000107e+00 4.440000000000000000e+05 7.176999999999999602e+01 2.400000000000000000e+04 5.100000000000000000e+03 1.332893000000000000e+06 4.750000000000000000e+05 1.389999999999999902e+00
1.127127000000000000e+06 3.860999999999999943e+01 1.506000000000000050e+01 1.998000000000000000e+09 2.149000000000000000e+09 5.628000000000000000e+08 5.489000000000000000e+10 8.000000000000000000e+02 2.104000000000000000e+09 9.531999999999999318e+01 7.500000000000000000e+04 4.882999999999999829e+01 2.300000000000000000e+04 0.000000000000000000e+00 7.305328600000000000e+07 4.350000000000000000e+05 5.330000000000000071e+00
3.976372000000000000e+06 1.009999999999999964e+01 1.009999999999999964e+01 2.661000000000000000e+12 2.888000000000000000e+12 1.109000000000000000e+12 1.165000000000000000e+13 2.690000000000000000e+04 1.123000000000000000e+12 5.200000000000000178e+00 2.060320670000000000e+08 7.820000000000000284e+01 1.454000000000000000e+07 2.648000000000000000e+06 4.570304180000000000e+08 2.387631620000000000e+08 1.479999999999999982e+00
1.399000000000000000e+03 1.397000000000000064e+01 8.689999999999999503e+00 2.046000000000000000e+08 2.200000000000000000e+08 4.080000000000000000e+08 1.000000000000000000e+09 2.200000000000000000e+04 4.660000000000000000e+08 6.240000000000000213e+00 2.500000000000000000e+04 7.920999999999999375e+01 4.500000000000000000e+03 0.000000000000000000e+00 4.696200000000000000e+04 2.300000000000000000e+04 2.200000000000000178e+00
1.827000000000000000e+04 2.273000000000000043e+01 5.650000000000000355e+00 6.975000000000000000e+08 7.500000000000000000e+08 6.090000000000000000e+08 5.173000000000000000e+09 5.900000000000000000e+03 8.350000000000000000e+08 1.261999999999999922e+01 5.500000000000000000e+04 6.953000000000000114e+01 5.700000000000000000e+03 0.000000000000000000e+00 8.933540000000000000e+05 1.020000000000000000e+05 2.750000000000000000e+00
3.381450000000000000e+05 1.050000000000000000e+01 9.789999999999999147e+00 7.858000000000000000e+10 7.159000000000000000e+10 6.104000000000000000e+10 1.512000000000000000e+11 2.900000000000000000e+04 4.517000000000000000e+10 3.569999999999999840e+00 2.650000000000000000e+06 7.834999999999999432e+01 2.114000000000000000e+05 0.000000000000000000e+00 5.223442000000000000e+06 2.548000000000000000e+06 1.729999999999999982e+00
5.470300000000000000e+05 1.215000000000000036e+01 9.080000000000000071e+00 4.147000000000000000e+11 5.286000000000000000e+11 4.190000000000000000e+11 1.737000000000000000e+12 2.870000000000000000e+04 4.197000000000000000e+11 4.259999999999999787e+00 2.190000000000000000e+07 7.959999999999999432e+01 2.026000000000000000e+06 3.492000000000000000e+04 6.065617800000000000e+07 3.390540000000000000e+07 1.850000000000000089e+00
9.100000000000000000e+04 2.069999999999999929e+01 4.849999999999999645e+00 4.279000000000000000e+08 4.601000000000000000e+08 1.550000000000000000e+08 1.551000000000000000e+09 8.300000000000000000e+03 6.250000000000000000e+08 1.207000000000000028e+01 3.200000000000000000e+03 7.709000000000000341e+01 6.500000000000000000e+03 0.000000000000000000e+00 1.955060000000000000e+05 5.100000000000000000e+04 3.009999999999999787e+00
4.167000000000000000e+03 1.692999999999999972e+01 4.629999999999999893e+00 3.534000000000000000e+08 3.800000000000000000e+08 2.440000000000000000e+08 4.580000000000000000e+09 1.750000000000000000e+04 1.341000000000000000e+09 8.439999999999999503e+00 3.500000000000000000e+04 7.590000000000000568e+01 4.750000000000000000e+03 0.000000000000000000e+00 2.704850000000000000e+05 5.250000000000000000e+04 2.040000000000000036e+00
2.676670000000000000e+05 3.624000000000000199e+01 1.172000000000000064e+01 1.080000000000000000e+09 1.161000000000000000e+09 3.710000000000000000e+09 7.966000000000000000e+09 5.900000000000000000e+03 1.225000000000000000e+09 5.364000000000000057e+01 3.500000000000000000e+04 5.575000000000000000e+01 1.300000000000000000e+04 2.649000000000000000e+05 1.389201000000000000e+06 3.840000000000000000e+04 4.769999999999999574e+00
1.130000000000000000e+04 3.985999999999999943e+01 1.181000000000000050e+01 8.399000000000000000e+07 9.031000000000000000e+07 1.144000000000000000e+08 2.799000000000000000e+09 1.800000000000000000e+03 1.809000000000000000e+08 7.201999999999999602e+01 2.500000000000000000e+04 5.520000000000000284e+01 1.900000000000000000e+03 0.000000000000000000e+00 1.593256000000000000e+06 3.840000000000000000e+04 5.379999999999999893e+00
6.970000000000000000e+04 1.025000000000000000e+01 9.089999999999999858e+00 6.811000000000000000e+09 6.732000000000000000e+09 9.094000000000000000e+08 1.445000000000000000e+10 3.100000000000000000e+03 1.806000000000000000e+09 1.858999999999999986e+01 1.505000000000000000e+05 7.587999999999999545e+01 3.150000000000000000e+04 2.000000000000000000e+03 4.677401000000000000e+06 6.505000000000000000e+05 1.409999999999999920e+00
3.570210000000000000e+05 8.330000000000000071e+00 1.055000000000000071e+01 5.195000000000000000e+11 5.600000000000000000e+11 8.933000000000000000e+11 2.362000000000000000e+12 2.870000000000000000e+04 7.167000000000000000e+11 4.160000000000000142e+00 3.900000000000000000e+07 7.865000000000000568e+01 2.891000000000000000e+06 7.410000000000000000e+04 8.243139000000000000e+07 5.435000000000000000e+07 1.389999999999999902e+00
2.394600000000000000e+05 2.396999999999999886e+01 1.083999999999999986e+01 6.137000000000000000e+09 6.922000000000000000e+09 3.010000000000000000e+09 4.827000000000000000e+10 2.300000000000000000e+03 3.699000000000000000e+09 5.142999999999999972e+01 1.700000000000000000e+05 5.600000000000000000e+01 3.800000000000000000e+04 7.000000000000000000e+03 2.102985300000000000e+07 3.023000000000000000e+05 3.020000000000000018e+00
1.319400000000000000e+05 9.720000000000000639e+00 1.015000000000000036e+01 4.742000000000000000e+10 4.722000000000000000e+10 1.550000000000000000e+10 2.264000000000000000e+11 2.130000000000000000e+04 5.428000000000000000e+10 5.530000000000000249e+00 1.718400000000000000e+06 7.909000000000000341e+01 4.057000000000000000e+05 5.992000000000000000e+03 1.066835400000000000e+07 5.205100000000000000e+06 1.330000000000000071e+00
2.166086000000000000e+06 1.592999999999999972e+01 7.769999999999999574e+00 2.279000000000000000e+08 2.450000000000000000e+08 3.880000000000000000e+08 1.100000000000000000e+09 2.000000000000000000e+04 4.450000000000000000e+08 1.582000000000000028e+01 2.000000000000000000e+04 6.965000000000000568e+01 3.700000000000000000e+03 0.000000000000000000e+00 5.637500000000000000e+04 2.600000000000000000e+04 2.410000000000000142e+00
3.440000000000000000e+02 2.230000000000000071e+01 7.169999999999999929e+00 1.386000000000000000e+08 1.490000000000000000e+08 4.600000000000000000e+07 4.400000000000000000e+08 5.000000000000000000e+03 2.080000000000000000e+08 1.461999999999999922e+01 1.500000000000000000e+04 6.453000000000000114e+01 1.000000000000000000e+03 0.000000000000000000e+00 8.950200000000000000e+04 3.350000000000000000e+04 2.370000000000000107e+00
1.088900000000000000e+05 3.410999999999999943e+01 6.809999999999999609e+00 5.760000000000000000e+09 6.608000000000000000e+09 2.911000000000000000e+09 5.947000000000000000e+10 4.200000000000000000e+03 7.770000000000000000e+09 3.592999999999999972e+01 4.000000000000000000e+05 6.514000000000000057e+01 6.100000000000000000e+04 2.500000000000000000e+04 1.465518900000000000e+07 8.460000000000000000e+05 4.530000000000000249e+00
2.458570000000000000e+05 4.203000000000000114e+01 1.538000000000000078e+01 7.952000000000000000e+08 8.550000000000000000e+08 7.092000000000000000e+08 1.950000000000000000e+10 2.100000000000000000e+03 6.415000000000000000e+08 9.037000000000000455e+01 4.000000000000000000e+04 4.985999999999999943e+01 8.600000000000000000e+03 0.000000000000000000e+00 9.467866000000000000e+06 2.620000000000000000e+04 5.830000000000000071e+00
3.612000000000000000e+04 3.764999999999999858e+01 1.653000000000000114e+01 5.115000000000000000e+07 5.500000000000000000e+07 5.400000000000000000e+07 1.008000000000000000e+09 7.000000000000000000e+02 1.040000000000000000e+08 1.071700000000000017e+02 1.900000000000000000e+04 4.696999999999999886e+01 2.500000000000000000e+03 0.000000000000000000e+00 1.416027000000000000e+06 1.060000000000000000e+04 4.929999999999999716e+00
2.149700000000000000e+05 1.844999999999999929e+01 8.320000000000000284e+00 7.514000000000000000e+08 8.080000000000000000e+08 5.702000000000000000e+08 2.899000000000000000e+09 3.800000000000000000e+03 6.501000000000000000e+08 3.325999999999999801e+01 1.250000000000000000e+05 6.550000000000000000e+01 1.100000000000000000e+04 0.000000000000000000e+00 7.652830000000000000e+05 8.040000000000000000e+04 2.049999999999999822e+00
2.775000000000000000e+04 3.659000000000000341e+01 1.233999999999999986e+01 5.747000000000000000e+08 6.180000000000000000e+08 3.381000000000000000e+08 1.205000000000000000e+10 1.500000000000000000e+03 1.085000000000000000e+09 7.345000000000000284e+01 8.000000000000000000e+04 5.292000000000000171e+01 1.100000000000000000e+04 0.000000000000000000e+00 8.121622000000000000e+06 1.300000000000000000e+05 5.019999999999999574e+00
1.120900000000000000e+05 3.037999999999999901e+01 6.870000000000000107e+00 3.771000000000000000e+09 3.626000000000000000e+09 1.457000000000000000e+09 1.879000000000000000e+10 2.800000000000000000e+03 3.332000000000000000e+09 2.932000000000000028e+01 1.686000000000000000e+05 6.559999999999999432e+01 2.900000000000000000e+04 0.000000000000000000e+00 6.975204000000000000e+06 3.225000000000000000e+05 3.870000000000000107e+00
1.092000000000000000e+03 7.230000000000000426e+00 5.980000000000000426e+00 3.845000000000000000e+10 3.551000000000000000e+10 2.681000000000000000e+11 2.345000000000000000e+11 3.420000000000000000e+04 2.759000000000000000e+11 2.970000000000000195e+00 3.212800000000000000e+06 8.139000000000000057e+01 2.570000000000000000e+05 0.000000000000000000e+00 6.898686000000000000e+06 3.801300000000000000e+06 9.100000000000000311e-01
9.303000000000000000e+04 9.759999999999999787e+00 1.318999999999999950e+01 3.599000000000000000e+10 3.407000000000000000e+10 5.462000000000000000e+10 1.493000000000000000e+11 1.490000000000000000e+04 5.868000000000000000e+10 8.570000000000000284e+00 1.600000000000000000e+06 7.240000000000000568e+01 1.407000000000000000e+05 4.119000000000000000e+04 1.000683500000000000e+07 3.666400000000000000e+06 1.320000000000000062e+00
1.030000000000000000e+05 1.373000000000000043e+01 6.679999999999999716e+00 7.692000000000000000e+09 8.271000000000000000e+09 2.902000000000000000e+09 9.373000000000000000e+09 3.190000000000000000e+04 3.307000000000000000e+09 3.310000000000000053e+00 1.950000000000000000e+05 8.018999999999999773e+01 1.630000000000000000e+04 0.000000000000000000e+00 2.967370000000000000e+05 1.907000000000000000e+05 1.919999999999999929e+00
3.287590000000000000e+06 2.232000000000000028e+01 8.279999999999999361e+00 5.101000000000000000e+11 5.472000000000000000e+11 6.918000000000000000e+10 3.319000000000000000e+12 3.100000000000000000e+03 8.933000000000000000e+10 5.628999999999999915e+01 1.848100000000000000e+07 6.434999999999999432e+01 2.130000000000000000e+06 7.800000000000000000e+05 1.080264388000000000e+09 4.891700000000000000e+07 2.779999999999999805e+00
1.919440000000000000e+06 2.071000000000000085e+01 6.250000000000000000e+00 9.235000000000000000e+10 1.102000000000000000e+11 6.986000000000000000e+10 8.274000000000000000e+11 3.500000000000000000e+03 4.507000000000000000e+10 3.560000000000000142e+01 8.000000000000000000e+06 6.956999999999999318e+01 1.183000000000000000e+06 9.710000000000000000e+05 2.419738790000000000e+08 7.750000000000000000e+06 2.439999999999999947e+00
1.648000000000000000e+06 1.682999999999999829e+01 5.549999999999999822e+00 1.199000000000000000e+11 1.290000000000000000e+11 3.879000000000000000e+10 5.167000000000000000e+11 7.700000000000000000e+03 3.130000000000000000e+10 4.157999999999999829e+01 4.300000000000000000e+06 6.995999999999999375e+01 1.400000000000000000e+06 3.962000000000000000e+06 6.801786000000000000e+07 1.457110000000000000e+07 1.820000000000000062e+00
4.370720000000000000e+05 3.250000000000000000e+01 5.490000000000000213e+00 3.370000000000000000e+10 3.260000000000000000e+10 1.010000000000000000e+10 8.980000000000000000e+10 3.500000000000000000e+03 9.900000000000000000e+09 5.025000000000000000e+01 2.500000000000000000e+04 6.870000000000000284e+01 3.830000000000000000e+05 2.250000000000000000e+06 2.607490600000000000e+07 6.750000000000000000e+05 4.280000000000000249e+00
7.028000000000000000e+04 1.447000000000000064e+01 7.849999999999999645e+00 2.178000000000000000e+10 2.288000000000000000e+10 1.038000000000000000e+11 1.264000000000000000e+11 3.190000000000000000e+04 6.065000000000000000e+10 5.389999999999999680e+00 1.260000000000000000e+06 7.756000000000000227e+01 1.744000000000000000e+05 0.000000000000000000e+00 4.015676000000000000e+06 1.955000000000000000e+06 1.870000000000000107e+00
2.077000000000000000e+04 1.821000000000000085e+01 6.179999999999999716e+00 3.830000000000000000e+10 4.267000000000000000e+10 3.441000000000000000e+10 1.290000000000000000e+11 2.080000000000000000e+04 3.684000000000000000e+10 7.030000000000000249e+00 2.000000000000000000e+06 7.931999999999999318e+01 2.600000000000000000e+05 8.000000000000000000e+01 6.276883000000000000e+06 3.006000000000000000e+06 2.439999999999999947e+00
3.012300000000000000e+05 8.890000000000000568e+00 1.030000000000000071e+01 2.939000000000000000e+11 2.616000000000000000e+11 3.364000000000000000e+11 1.609000000000000000e+12 2.770000000000000000e+04 3.293000000000000000e+11 5.940000000000000391e+00 1.850000000000000000e+07 7.968000000000000682e+01 1.866000000000000000e+06 7.946000000000000000e+04 5.810303300000000000e+07 2.659600000000000000e+07 1.280000000000000027e+00
1.099100000000000000e+04 1.655999999999999872e+01 5.370000000000000107e+00 5.849000000000000000e+09 6.289000000000000000e+09 1.679000000000000000e+09 1.113000000000000000e+10 4.100000000000000000e+03 3.624000000000000000e+09 1.235999999999999943e+01 6.000000000000000000e+05 7.629000000000000625e+01 6.600000000000000000e+04 0.000000000000000000e+00 2.731832000000000000e+06 4.444000000000000000e+05 1.949999999999999956e+00
3.778350000000000000e+05 9.470000000000000639e+00 8.949999999999999289e+00 9.710000000000000000e+11 1.044000000000000000e+12 5.388000000000000000e+11 3.745000000000000000e+12 2.940000000000000000e+04 4.018000000000000000e+11 3.259999999999999787e+00 5.720000000000000000e+07 8.115000000000000568e+01 5.290000000000000000e+06 1.733000000000000000e+04 1.274172440000000000e+08 7.114900000000000000e+07 1.389999999999999902e+00
9.230000000000000000e+04 2.176000000000000156e+01 2.629999999999999893e+00 7.094000000000000000e+09 7.307000000000000000e+09 3.200000000000000000e+09 2.550000000000000000e+10 4.500000000000000000e+03 7.600000000000000000e+09 1.735000000000000142e+01 4.570000000000000000e+05 7.823999999999999488e+01 1.030000000000000000e+05 4.000000000000000000e+01 5.759732000000000000e+06 6.226000000000000000e+05 2.709999999999999964e+00
2.717300000000000000e+06 1.577999999999999936e+01 9.460000000000000853e+00 6.221000000000000000e+10 6.682000000000000000e+10 1.847000000000000000e+10 1.184000000000000000e+11 7.800000000000000000e+03 1.307000000000000000e+10 2.921000000000000085e+01 2.500000000000000000e+05 6.654999999999999716e+01 1.894000000000000000e+05 1.200000000000000000e+06 1.518584400000000000e+07 2.081900000000000000e+06 1.889999999999999902e+00
5.826500000000000000e+05 4.013000000000000256e+01 1.465000000000000036e+01 4.337000000000000000e+09 4.475000000000000000e+09 2.589000000000000000e+09 3.468000000000000000e+10 1.100000000000000000e+03 4.190000000000000000e+09 6.146999999999999886e+01 4.000000000000000000e+05 4.799000000000000199e+01 5.700000000000000000e+04 0.000000000000000000e+00 3.382959000000000000e+07 3.284000000000000000e+05 4.959999999999999964e+00
8.110000000000000000e+02 3.085999999999999943e+01 8.369999999999999218e+00 6.510000000000000000e+06 7.000000000000000000e+06 3.500000000000000000e+07 7.900000000000000000e+07 8.000000000000000000e+02 8.300000000000000000e+07 4.852000000000000313e+01 2.000000000000000000e+03 6.171000000000000085e+01 1.900000000000000000e+02 0.000000000000000000e+00 1.030920000000000000e+05 4.500000000000000000e+03 4.200000000000000178e+00
9.848000000000000000e+04 1.008000000000000007e+01 6.259999999999999787e+00 2.936000000000000000e+11 3.225000000000000000e+11 2.506000000000000000e+11 9.251000000000000000e+11 1.920000000000000000e+04 2.142000000000000000e+11 7.049999999999999822e+00 2.922000000000000000e+07 7.581999999999999318e+01 2.070000000000000000e+06 0.000000000000000000e+00 4.842264400000000000e+07 2.287700000000000000e+07 1.260000000000000009e+00
1.782000000000000000e+04 2.187999999999999901e+01 2.419999999999999929e+00 3.016000000000000000e+10 3.243000000000000000e+10 2.742000000000000000e+10 4.800000000000000000e+10 2.130000000000000000e+04 1.112000000000000000e+10 9.949999999999999289e+00 5.670000000000000000e+05 7.703000000000000114e+01 2.930000000000000000e+05 2.319000000000000000e+06 2.335648000000000000e+06 4.869000000000000000e+05 2.970000000000000195e+00
1.985000000000000000e+05 2.248000000000000043e+01 7.129999999999999893e+00 1.021000000000000000e+10 1.172000000000000000e+10 6.467000000000000000e+08 8.495000000000000000e+09 1.700000000000000000e+03 7.751000000000000000e+08 3.564000000000000057e+01 1.520000000000000000e+05 6.815999999999999659e+01 2.000000000000000000e+04 2.000000000000000000e+03 5.146281000000000000e+06 3.948000000000000000e+05 2.700000000000000178e+00
2.368000000000000000e+05 3.599000000000000199e+01 1.183000000000000007e+01 3.036000000000000000e+09 3.560000000000000000e+09 3.655000000000000000e+08 1.128000000000000000e+10 1.900000000000000000e+03 5.795000000000000000e+08 8.521999999999999886e+01 1.500000000000000000e+04 5.507999999999999829e+01 2.750000000000000000e+03 0.000000000000000000e+00 6.217141000000000000e+06 6.190000000000000000e+04 4.769999999999999574e+00
6.458900000000000000e+04 9.039999999999999147e+00 1.369999999999999929e+01 5.829000000000000000e+09 4.547000000000000000e+09 3.569000000000000000e+09 2.653000000000000000e+10 1.150000000000000000e+04 5.970000000000000000e+09 9.550000000000000711e+00 9.360000000000000000e+05 7.104999999999999716e+01 4.400000000000000000e+04 0.000000000000000000e+00 2.290237000000000000e+06 6.539000000000000000e+05 1.260000000000000009e+00
1.040000000000000000e+04 1.887999999999999901e+01 6.240000000000000213e+00 8.591000000000000000e+09 8.066000000000000000e+09 1.783000000000000000e+09 1.883000000000000000e+10 5.000000000000000000e+03 8.162000000000000000e+09 2.451999999999999957e+01 4.000000000000000000e+05 7.262999999999999545e+01 1.070000000000000000e+05 0.000000000000000000e+00 3.826018000000000000e+06 6.788000000000000000e+05 1.919999999999999929e+00
3.035500000000000000e+04 2.653000000000000114e+01 2.503000000000000114e+01 3.080000000000000000e+08 3.140000000000000000e+08 4.845000000000000000e+08 5.892000000000000000e+09 3.200000000000000000e+03 7.309000000000000000e+08 8.423000000000000398e+01 2.100000000000000000e+04 3.667999999999999972e+01 1.500000000000000000e+03 0.000000000000000000e+00 1.867035000000000000e+06 2.860000000000000000e+04 3.350000000000000089e+00
1.113700000000000000e+05 4.421999999999999886e+01 1.787000000000000099e+01 4.546000000000000000e+08 4.888000000000000000e+08 1.079000000000000000e+09 2.903000000000000000e+09 9.000000000000000000e+02 5.051000000000000000e+09 1.288700000000000045e+02 1.000000000000000000e+03 4.768999999999999773e+01 3.100000000000000000e+03 0.000000000000000000e+00 3.482211000000000000e+06 7.000000000000000000e+03 6.089999999999999858e+00
1.759540000000000000e+06 2.682000000000000028e+01 3.479999999999999982e+00 1.943000000000000000e+10 2.089000000000000000e+10 1.865000000000000000e+10 3.748000000000000000e+10 6.700000000000000000e+03 7.224000000000000000e+09 2.460000000000000142e+01 1.600000000000000000e+05 7.650000000000000000e+01 2.160000000000000000e+05 1.518000000000000000e+06 5.765563000000000000e+06 7.500000000000000000e+05 3.339999999999999858e+00
6.520000000000000000e+04 8.619999999999999218e+00 1.091999999999999993e+01 1.017000000000000000e+10 1.793000000000000000e+10 8.880000000000000000e+09 4.523000000000000000e+10 1.250000000000000000e+04 1.102000000000000000e+10 6.889999999999999680e+00 6.957000000000000000e+05 7.396999999999999886e+01 7.200000000000000000e+04 4.594000000000000000e+03 3.596617000000000000e+06 8.242000000000000000e+05 1.189999999999999947e+00
2.586000000000000000e+03 1.206000000000000050e+01 8.410000000000000142e+00 5.735000000000000000e+09 2.511000000000000000e+09 1.340000000000000000e+10 2.727000000000000000e+10 5.890000000000000000e+04 1.630000000000000000e+10 4.809999999999999609e+00 1.650000000000000000e+05 7.873999999999999488e+01 5.065000000000000000e+04 0.000000000000000000e+00 4.685710000000000000e+05 3.554000000000000000e+05 1.790000000000000036e+00
2.500000000000000000e+01 8.039999999999999147e+00 4.230000000000000426e+00 1.772000000000000000e+09 1.719000000000000000e+09 2.580000000000000000e+09 9.100000000000000000e+09 1.940000000000000000e+04 2.760000000000000000e+09 4.389999999999999680e+00 1.200000000000000000e+05 8.203000000000000114e+01 1.119000000000000000e+04 0.000000000000000000e+00 4.491980000000000000e+05 1.746000000000000000e+05 9.300000000000000488e-01
2.533300000000000000e+04 1.200000000000000000e+01 8.730000000000000426e+00 7.216000000000000000e+09 6.273000000000000000e+09 1.629000000000000000e+09 1.440000000000000000e+10 7.100000000000000000e+03 2.677000000000000000e+09 1.008999999999999986e+01 1.000000000000000000e+05 7.373000000000000398e+01 2.200000000000000000e+04 0.000000000000000000e+00 2.045262000000000000e+06 5.600000000000000000e+05 1.570000000000000062e+00
5.870400000000000000e+05 4.165999999999999659e+01 1.134999999999999964e+01 7.814000000000000000e+08 8.402000000000000000e+08 8.682000000000000000e+08 1.456000000000000000e+10 8.000000000000000000e+02 1.147000000000000000e+09 7.682999999999999829e+01 7.050000000000000000e+04 5.695000000000000284e+01 1.300000000000000000e+04 0.000000000000000000e+00 1.804034100000000000e+07 5.960000000000000000e+04 5.660000000000000142e+00
1.184800000000000000e+05 4.395000000000000284e+01 2.339000000000000057e+01 1.012000000000000000e+09 1.088000000000000000e+09 5.034000000000000000e+08 7.410000000000000000e+09 6.000000000000000000e+02 5.211000000000000000e+08 1.033199999999999932e+02 3.600000000000000000e+04 3.696999999999999886e+01 5.400000000000000000e+03 0.000000000000000000e+00 1.215892400000000000e+07 8.500000000000000000e+04 5.980000000000000426e+00
3.297500000000000000e+05 2.307000000000000028e+01 5.059999999999999609e+00 6.840000000000000000e+10 7.533000000000000000e+10 1.235000000000000000e+11 2.293000000000000000e+11 9.700000000000000000e+03 9.930000000000000000e+10 1.769999999999999929e+01 8.692100000000000000e+06 7.223999999999999488e+01 4.600000000000000000e+05 7.850000000000000000e+05 2.395313600000000000e+07 4.571600000000000000e+06 3.069999999999999840e+00
3.000000000000000000e+02 3.542999999999999972e+01 7.240000000000000213e+00 1.157000000000000000e+08 1.244000000000000000e+08 9.000000000000000000e+07 1.250000000000000000e+09 3.900000000000000000e+03 3.920000000000000000e+08 5.652000000000000313e+01 1.500000000000000000e+04 6.406000000000000227e+01 3.200000000000000000e+03 0.000000000000000000e+00 3.491060000000000000e+05 2.870000000000000000e+04 5.019999999999999574e+00
1.240000000000000000e+06 4.677000000000000313e+01 1.905000000000000071e+01 6.510000000000000000e+08 7.000000000000000000e+08 9.150000000000000000e+08 1.100000000000000000e+10 9.000000000000000000e+02 9.270000000000000000e+08 1.167900000000000063e+02 2.500000000000000000e+04 4.509000000000000341e+01 4.000000000000000000e+03 0.000000000000000000e+00 1.229152900000000000e+07 5.660000000000000000e+04 6.500000000000000000e+00
3.160000000000000000e+02 1.016999999999999993e+01 8.000000000000000000e+00 2.000000000000000000e+09 2.150000000000000000e+09 2.625000000000000000e+09 7.223000000000000000e+09 1.820000000000000000e+04 3.407000000000000000e+09 3.890000000000000124e+00 1.200000000000000000e+05 7.885999999999999943e+01 2.000000000000000000e+04 0.000000000000000000e+00 3.985340000000000000e+05 2.083000000000000000e+05 1.500000000000000000e+00
1.100000000000000000e+03 1.414000000000000057e+01 6.440000000000000391e+00 1.095000000000000000e+09 1.178000000000000000e+09 2.500000000000000000e+08 6.117000000000000000e+09 1.440000000000000000e+04 2.000000000000000000e+09 7.089999999999999858e+00 4.000000000000000000e+04 7.904000000000000625e+01 1.350000000000000000e+04 0.000000000000000000e+00 4.329000000000000000e+05 1.720000000000000000e+05 1.790000000000000036e+00
1.030700000000000000e+06 4.142999999999999972e+01 1.243999999999999950e+01 1.769000000000000000e+08 1.902000000000000000e+08 5.410000000000000000e+08 5.534000000000000000e+09 1.800000000000000000e+03 8.600000000000000000e+08 7.089000000000000057e+01 1.000000000000000000e+04 5.272999999999999687e+01 2.400000000000000000e+04 0.000000000000000000e+00 3.086859000000000000e+06 3.150000000000000000e+04 5.940000000000000391e+00
2.040000000000000000e+03 1.561999999999999922e+01 6.830000000000000071e+00 1.707000000000000000e+09 1.836000000000000000e+09 2.012000000000000000e+09 1.568000000000000000e+10 1.280000000000000000e+04 2.245000000000000000e+09 1.502999999999999936e+01 1.500000000000000000e+05 7.237999999999999545e+01 2.100000000000000000e+04 0.000000000000000000e+00 1.230602000000000000e+06 3.482000000000000000e+05 1.959999999999999964e+00
1.972550000000000000e+06 2.101000000000000156e+01 4.730000000000000426e+00 1.897000000000000000e+11 2.036000000000000000e+11 1.824000000000000000e+11 1.006000000000000000e+12 9.600000000000000000e+03 1.908000000000000000e+11 2.091000000000000014e+01 1.003300000000000000e+07 7.518999999999999773e+01 1.752000000000000000e+06 3.460000000000000000e+06 1.062029030000000000e+08 1.595870000000000000e+07 2.450000000000000178e+00
3.384300000000000000e+04 1.526999999999999957e+01 1.278999999999999915e+01 4.605000000000000000e+09 3.876000000000000000e+09 1.030000000000000000e+09 8.581000000000000000e+09 1.900000000000000000e+03 1.830000000000000000e+09 4.042000000000000171e+01 1.500000000000000000e+05 6.518000000000000682e+01 2.400000000000000000e+04 0.000000000000000000e+00 4.455421000000000000e+06 7.069000000000000000e+05 1.810000000000000053e+00
1.564116000000000000e+06 2.151999999999999957e+01 7.030000000000000249e+00 2.209000000000000000e+09 2.692000000000000000e+09 8.530000000000000000e+08 5.332000000000000000e+09 1.900000000000000000e+03 1.000000000000000000e+09 5.378999999999999915e+01 2.200000000000000000e+05 6.451999999999999602e+01 1.100000000000000000e+04 5.420000000000000000e+02 2.791272000000000000e+06 1.423000000000000000e+05 2.259999999999999787e+00
4.465500000000000000e+05 2.228999999999999915e+01 5.639999999999999680e+00 1.424000000000000000e+10 1.391000000000000000e+10 9.754000000000000000e+09 1.346000000000000000e+11 4.200000000000000000e+03 1.563000000000000000e+10 4.161999999999999744e+01 8.000000000000000000e+05 7.065999999999999659e+01 1.670000000000000000e+05 1.000000000000000000e+03 3.272584700000000000e+07 1.219200000000000000e+06 2.729999999999999982e+00
8.015900000000000000e+05 3.578999999999999915e+01 2.098999999999999844e+01 5.046000000000000000e+09 8.859000000000000000e+09 6.894000000000000000e+08 2.338000000000000000e+10 1.200000000000000000e+03 9.729000000000000000e+08 1.307899999999999920e+02 5.000000000000000000e+04 4.032000000000000028e+01 8.500000000000000000e+03 0.000000000000000000e+00 1.940670300000000000e+07 8.370000000000000000e+04 4.700000000000000178e+00
8.254180000000000000e+05 2.516000000000000014e+01 1.835999999999999943e+01 1.920000000000000000e+09 1.167000000000000000e+09 1.356000000000000000e+09 1.476000000000000000e+10 7.300000000000000000e+03 1.473000000000000000e+09 4.897999999999999687e+01 6.500000000000000000e+04 4.392999999999999972e+01 1.300000000000000000e+04 0.000000000000000000e+00 2.030692000000000000e+06 1.274000000000000000e+05 3.180000000000000160e+00
1.408000000000000000e+05 3.144999999999999929e+01 9.470000000000000639e+00 2.005000000000000000e+09 2.054000000000000000e+09 5.680000000000000000e+08 3.953000000000000000e+10 1.500000000000000000e+03 1.419000000000000000e+09 6.698000000000000398e+01 8.000000000000000000e+04 5.979999999999999716e+01 1.600000000000000000e+04 0.000000000000000000e+00 2.767654700000000000e+07 3.718000000000000000e+05 4.190000000000000391e+00
4.152600000000000000e+04 1.114000000000000057e+01 8.679999999999999716e+00 1.007000000000000000e+11 9.061000000000000000e+10 2.931000000000000000e+11 4.811000000000000000e+11 2.950000000000000000e+04 2.527000000000000000e+11 5.040000000000000036e+00 8.500000000000000000e+06 7.881000000000000227e+01 8.953000000000000000e+05 4.620000000000000000e+04 1.640749100000000000e+07 1.000400000000000000e+07 1.659999999999999920e+00
9.600000000000000000e+02 1.500000000000000000e+01 6.410000000000000142e+00 9.343000000000000000e+08 1.005000000000000000e+09 1.579000000000000000e+09 2.450000000000000000e+09 1.140000000000000000e+04 2.233000000000000000e+09 1.002999999999999936e+01 2.000000000000000000e+03 7.582999999999999829e+01 7.200000000000000000e+04 0.000000000000000000e+00 2.199580000000000000e+05 8.100000000000000000e+04 2.000000000000000000e+00
1.906000000000000000e+04 1.848999999999999844e+01 5.650000000000000355e+00 1.471000000000000000e+09 1.581000000000000000e+09 4.480000000000000000e+08 3.158000000000000000e+09 1.500000000000000000e+04 1.007000000000000000e+09 7.719999999999999751e+00 6.000000000000000000e+04 7.404000000000000625e+01 8.750000000000000000e+03 0.000000000000000000e+00 2.164940000000000000e+05 5.200000000000000000e+04 2.310000000000000053e+00
2.686800000000000000e+05 1.390000000000000036e+01 7.530000000000000249e+00 3.571000000000000000e+10 3.839000000000000000e+10 1.985000000000000000e+10 9.251000000000000000e+10 2.320000000000000000e+04 1.977000000000000000e+10 5.849999999999999645e+00 2.110000000000000000e+06 7.865999999999999659e+01 1.327000000000000000e+05 4.216000000000000000e+04 4.035461000000000000e+06 1.765000000000000000e+06 1.790000000000000036e+00
1.294940000000000000e+05 2.487999999999999901e+01 4.490000000000000213e+00 2.318000000000000000e+09 2.553000000000000000e+09 7.500000000000000000e+08 1.234000000000000000e+10 2.300000000000000000e+03 2.020000000000000000e+09 2.910999999999999943e+01 9.000000000000000000e+04 7.032999999999999829e+01 2.577000000000000000e+04 0.000000000000000000e+00 5.465100000000000000e+06 1.716000000000000000e+05 2.810000000000000053e+00
1.267000000000000000e+06 4.829999999999999716e+01 2.132999999999999829e+01 3.276000000000000000e+08 2.662000000000000000e+08 2.800000000000000000e+08 9.716000000000000000e+09 9.000000000000000000e+02 4.000000000000000000e+08 1.216899999999999977e+02 1.500000000000000000e+04 4.213000000000000256e+01 5.000000000000000000e+03 0.000000000000000000e+00 1.166593700000000000e+07 2.240000000000000000e+04 6.750000000000000000e+00
9.237680000000000000e+05 4.064999999999999858e+01 1.717999999999999972e+01 1.843000000000000000e+10 1.985000000000000000e+10 3.399000000000000000e+10 1.257000000000000000e+11 1.000000000000000000e+03 1.714000000000000000e+10 9.879999999999999716e+01 7.500000000000000000e+05 4.674000000000000199e+01 2.750000000000000000e+05 2.356000000000000000e+06 1.287719880000000000e+08 8.531000000000000000e+05 5.530000000000000249e+00
3.242200000000000000e+05 1.166999999999999993e+01 9.449999999999999289e+00 1.074000000000000000e+11 1.259000000000000000e+11 7.664000000000000000e+10 1.830000000000000000e+11 4.000000000000000000e+04 4.596000000000000000e+10 3.700000000000000178e+00 2.288000000000000000e+06 7.940000000000000568e+01 1.711000000000000000e+05 3.310000000000000000e+06 4.593041000000000000e+06 3.343000000000000000e+06 1.780000000000000027e+00
2.124600000000000000e+05 3.672999999999999687e+01 3.859999999999999876e+00 9.792000000000000000e+09 9.896000000000000000e+09 1.314000000000000000e+10 3.809000000000000000e+10 1.310000000000000000e+04 6.373000000000000000e+09 1.951000000000000156e+01 1.800000000000000000e+05 7.312999999999999545e+01 5.400000000000000000e+04 7.750000000000000000e+05 3.001583000000000000e+06 2.339000000000000000e+05 5.839999999999999858e+00
8.039400000000000000e+05 3.042000000000000171e+01 8.449999999999999289e+00 5.266000000000000000e+10 7.527000000000000000e+10 1.507000000000000000e+10 3.473000000000000000e+11 2.200000000000000000e+03 1.401000000000000000e+10 7.243999999999999773e+01 1.500000000000000000e+06 6.300000000000000000e+01 3.650000000000000000e+05 6.100000000000000000e+04 1.624199460000000000e+08 3.982800000000000000e+06 4.139999999999999680e+00
7.820000000000000000e+04 1.996000000000000085e+01 6.540000000000000036e+00 4.473000000000000000e+09 4.873000000000000000e+09 5.699000000000000000e+09 2.057000000000000000e+10 6.900000000000000000e+03 7.164000000000000000e+09 2.046999999999999886e+01 1.200000000000000000e+05 7.193999999999999773e+01 4.052000000000000000e+04 0.000000000000000000e+00 3.039150000000000000e+06 3.869000000000000000e+05 2.450000000000000178e+00
4.628400000000000000e+05 2.994999999999999929e+01 7.370000000000000107e+00 1.561000000000000000e+09 1.679000000000000000e+09 2.437000000000000000e+09 1.199000000000000000e+10 2.200000000000000000e+03 1.353000000000000000e+09 5.145000000000000284e+01 7.500000000000000000e+04 6.493000000000000682e+01 1.500000000000000000e+04 4.620000000000000000e+04 5.545268000000000000e+06 6.200000000000000000e+04 3.959999999999999964e+00
4.067500000000000000e+05 2.942999999999999972e+01 4.530000000000000249e+00 2.469000000000000000e+09 4.836000000000000000e+10 2.936000000000000000e+09 2.993000000000000000e+10 4.800000000000000000e+03 3.330000000000000000e+09 2.562999999999999901e+01 1.200000000000000000e+05 7.489000000000000057e+01 2.500000000000000000e+04 0.000000000000000000e+00 6.347884000000000000e+06 2.732000000000000000e+05 3.930000000000000160e+00
1.285220000000000000e+06 2.087000000000000099e+01 6.259999999999999787e+00 2.022000000000000000e+10 2.288000000000000000e+10 1.230000000000000000e+10 1.553000000000000000e+11 5.600000000000000000e+03 9.600000000000000000e+09 3.194000000000000128e+01 2.850000000000000000e+06 6.953000000000000114e+01 1.610000000000000000e+05 9.550000000000000000e+04 2.792562800000000000e+07 1.839200000000000000e+06 2.560000000000000053e+00
3.000000000000000000e+05 2.530999999999999872e+01 5.469999999999999751e+00 4.605000000000000000e+10 5.286000000000000000e+10 3.863000000000000000e+10 4.306000000000000000e+11 5.000000000000000000e+03 3.750000000000000000e+10 2.351000000000000156e+01 3.500000000000000000e+06 6.990999999999999659e+01 3.380000000000000000e+05 2.600000000000000000e+04 8.785747300000000000e+07 3.310900000000000000e+06 3.160000000000000142e+00
3.126850000000000000e+05 1.077999999999999936e+01 1.000999999999999979e+01 1.174000000000000000e+11 1.338000000000000000e+11 7.598000000000000000e+10 4.630000000000000000e+11 1.200000000000000000e+04 8.161000000000000000e+10 8.509999999999999787e+00 8.970000000000000000e+06 7.440999999999999659e+01 4.241000000000000000e+05 1.718000000000000000e+04 3.863514400000000000e+07 1.230000000000000000e+07 1.389999999999999902e+00
9.239100000000000000e+04 1.082000000000000028e+01 1.042999999999999972e+01 4.215000000000000000e+10 4.328000000000000000e+10 3.768000000000000000e+10 1.887000000000000000e+11 1.790000000000000000e+04 5.210000000000000000e+10 5.049999999999999822e+00 3.600000000000000000e+06 7.753000000000000114e+01 3.398000000000000000e+05 0.000000000000000000e+00 1.056621200000000000e+07 4.278800000000000000e+06 1.469999999999999973e+00
9.104000000000000000e+03 1.392999999999999972e+01 7.860000000000000320e+00 2.054000000000000000e+10 2.209000000000000000e+10 4.690000000000000000e+10 6.895000000000000000e+10 1.770000000000000000e+04 2.910000000000000000e+10 8.240000000000000213e+00 6.000000000000000000e+05 7.762000000000000455e+01 1.900000000000000000e+05 0.000000000000000000e+00 3.916632000000000000e+06 1.329500000000000000e+06 1.909999999999999920e+00
1.143700000000000000e+04 1.553999999999999915e+01 4.610000000000000320e+00 9.046000000000000000e+09 9.727000000000000000e+09 1.500000000000000000e+10 1.949000000000000000e+10 2.320000000000000000e+04 6.150000000000000000e+09 1.860999999999999943e+01 1.260000000000000000e+05 7.367000000000000171e+01 3.000000000000000000e+04 7.900000000000000000e+05 8.630510000000000000e+05 1.845000000000000000e+05 2.870000000000000107e+00
2.375000000000000000e+05 1.069999999999999929e+01 1.174000000000000021e+01 5.750000000000000000e+10 5.653000000000000000e+10 2.354000000000000000e+10 1.715000000000000000e+11 7.700000000000000000e+03 2.843000000000000000e+10 2.642999999999999972e+01 4.000000000000000000e+06 7.134999999999999432e+01 2.538000000000000000e+05 1.280000000000000000e+05 2.232997700000000000e+07 4.300000000000000000e+06 1.360000000000000098e+00
1.707520000000000000e+07 9.800000000000000711e+00 1.451999999999999957e+01 8.943000000000000000e+11 9.150000000000000000e+11 1.625000000000000000e+11 1.408000000000000000e+12 9.800000000000000000e+03 9.291000000000000000e+10 1.539000000000000057e+01 6.000000000000000000e+06 6.709999999999999432e+01 2.310000000000000000e+06 8.420000000000000000e+06 1.434203090000000000e+08 3.550000000000000000e+07 1.270000000000000018e+00
2.633800000000000000e+04 4.060000000000000142e+01 1.632000000000000028e+01 1.950000000000000000e+08 1.667000000000000000e+08 6.978000000000000000e+07 1.043000000000000000e+10 1.300000000000000000e+03 2.600000000000000000e+08 9.123000000000000398e+01 2.500000000000000000e+04 4.696000000000000085e+01 5.300000000000000000e+03 0.000000000000000000e+00 8.440820000000000000e+06 2.320000000000000000e+04 5.490000000000000213e+00
2.610000000000000000e+02 1.812000000000000099e+01 8.470000000000000639e+00 9.844000000000000000e+07 1.058000000000000000e+08 7.000000000000000000e+07 3.390000000000000000e+08 8.800000000000000000e+03 1.950000000000000000e+08 1.449000000000000021e+01 1.000000000000000000e+04 7.215000000000000568e+01 7.100000000000000000e+02 0.000000000000000000e+00 3.895800000000000000e+04 2.350000000000000000e+04 2.330000000000000071e+00
6.160000000000000000e+02 2.005000000000000071e+01 5.120000000000000107e+00 2.513000000000000000e+08 2.703000000000000000e+08 6.600000000000000000e+07 8.660000000000000000e+08 5.400000000000000000e+03 2.670000000000000000e+08 1.352999999999999936e+01 1.300000000000000000e+04 7.360999999999999943e+01 2.400000000000000000e+03 0.000000000000000000e+00 1.663120000000000000e+05 5.110000000000000000e+04 2.209999999999999964e+00
3.890000000000000000e+02 1.633999999999999986e+01 6.000000000000000000e+00 8.482000000000000000e+07 9.120000000000000000e+07 3.800000000000000000e+07 3.420000000000000000e+08 2.900000000000000000e+03 1.740000000000000000e+08 1.477999999999999936e+01 7.000000000000000000e+03 7.362000000000000455e+01 1.250000000000000000e+03 0.000000000000000000e+00 1.175340000000000000e+05 2.730000000000000000e+04 1.850000000000000089e+00
2.944000000000000000e+03 1.594999999999999929e+01 6.540000000000000036e+00 1.135000000000000000e+08 1.220000000000000000e+08 1.400000000000000000e+07 1.000000000000000000e+09 5.600000000000000000e+03 1.130000000000000000e+08 2.771000000000000085e+01 4.000000000000000000e+03 7.071999999999999886e+01 1.000000000000000000e+03 0.000000000000000000e+00 1.772870000000000000e+05 1.180000000000000000e+04 3.009999999999999787e+00
1.001000000000000000e+03 4.079999999999999716e+01 6.679999999999999716e+00 1.581000000000000000e+07 1.700000000000000000e+07 6.700000000000000000e+06 2.140000000000000000e+08 1.200000000000000000e+03 4.100000000000000000e+07 4.310999999999999943e+01 1.500000000000000000e+04 6.698999999999999488e+01 7.000000000000000000e+02 0.000000000000000000e+00 1.874100000000000000e+05 7.000000000000000000e+03 5.709999999999999964e+00
1.960582000000000000e+06 2.955999999999999872e+01 2.620000000000000107e+00 1.285000000000000000e+11 1.382000000000000000e+11 1.130000000000000000e+11 3.102000000000000000e+11 1.200000000000000000e+04 3.621000000000000000e+10 1.324000000000000021e+01 1.500000000000000000e+06 7.545999999999999375e+01 1.550000000000000000e+06 9.021000000000000000e+06 2.641759900000000000e+07 3.502600000000000000e+06 4.049999999999999822e+00
1.961900000000000000e+05 3.521000000000000085e+01 1.059999999999999964e+01 1.615000000000000000e+09 1.737000000000000000e+09 1.374000000000000000e+09 1.836000000000000000e+10 1.700000000000000000e+03 2.128000000000000000e+09 5.550999999999999801e+01 2.250000000000000000e+05 5.675000000000000000e+01 3.100000000000000000e+04 0.000000000000000000e+00 1.112683200000000000e+07 2.288000000000000000e+05 4.750000000000000000e+00
1.023500000000000000e+05 1.211999999999999922e+01 1.049000000000000021e+01 3.233000000000000000e+10 3.164000000000000000e+10 3.245000000000000000e+09 2.627000000000000000e+10 2.400000000000000000e+03 9.538000000000000000e+09 1.289000000000000057e+01 8.470000000000000000e+05 7.473000000000000398e+01 6.400000000000000000e+04 1.500000000000000000e+04 1.082917500000000000e+07 2.611700000000000000e+06 1.669999999999999929e+00
4.550000000000000000e+02 1.621999999999999886e+01 6.339999999999999858e+00 2.028000000000000000e+08 2.180000000000000000e+08 2.562000000000000000e+08 6.260000000000000000e+08 7.800000000000000000e+03 3.934000000000000000e+08 1.552999999999999936e+01 1.170000000000000000e+04 7.181999999999999318e+01 4.000000000000000000e+03 0.000000000000000000e+00 8.118800000000000000e+04 2.170000000000000000e+04 1.750000000000000000e+00
7.174000000000000000e+04 4.284000000000000341e+01 2.060999999999999943e+01 2.374000000000000000e+08 2.553000000000000000e+08 4.900000000000000000e+07 3.335000000000000000e+09 6.000000000000000000e+02 2.640000000000000000e+08 1.436399999999999864e+02 8.000000000000000000e+03 4.252000000000000313e+01 6.500000000000000000e+03 0.000000000000000000e+00 6.017643000000000000e+06 2.400000000000000000e+04 5.719999999999999751e+00
6.930000000000000000e+02 9.490000000000000213e+00 4.160000000000000142e+00 3.200000000000000000e+10 3.533000000000000000e+10 1.740000000000000000e+11 1.209000000000000000e+11 2.780000000000000000e+04 1.552000000000000000e+11 2.290000000000000036e+00 2.310000000000000000e+06 8.162000000000000455e+01 7.000000000000000000e+05 0.000000000000000000e+00 4.425720000000000000e+06 1.896100000000000000e+06 1.050000000000000044e+00
4.884500000000000000e+04 1.061999999999999922e+01 9.429999999999999716e+00 2.889000000000000000e+10 3.115000000000000000e+10 2.924000000000000000e+10 7.889000000000000000e+10 1.450000000000000000e+04 2.967000000000000000e+10 7.410000000000000142e+00 1.375800000000000000e+06 7.450000000000000000e+01 8.200000000000000000e+04 1.000000000000000000e+03 5.431363000000000000e+06 1.294700000000000000e+06 1.320000000000000062e+00
2.027300000000000000e+04 8.949999999999999289e+00 1.022000000000000064e+01 1.180000000000000000e+10 1.249000000000000000e+10 1.497000000000000000e+10 3.941000000000000000e+10 1.960000000000000000e+04 1.607000000000000000e+10 4.450000000000000178e+00 7.500000000000000000e+05 7.614000000000000057e+01 5.330000000000000000e+04 2.000000000000000000e+01 2.011070000000000000e+06 8.123000000000000000e+05 1.239999999999999991e+00
2.845000000000000000e+04 3.073999999999999844e+01 3.979999999999999982e+00 2.976000000000000000e+07 3.200000000000000000e+07 7.400000000000000000e+07 8.000000000000000000e+08 1.700000000000000000e+03 6.700000000000000000e+07 2.128999999999999915e+01 2.200000000000000000e+03 7.265999999999999659e+01 1.250000000000000000e+03 0.000000000000000000e+00 5.380320000000000000e+05 6.600000000000000000e+03 4.040000000000000036e+00
6.376570000000000000e+05 4.561999999999999744e+01 1.696999999999999886e+01 2.235000000000000000e+08 2.403000000000000000e+08 7.900000000000000000e+07 4.597000000000000000e+09 6.000000000000000000e+02 3.440000000000000000e+08 1.167000000000000028e+02 8.900000000000000000e+04 4.809000000000000341e+01 4.000000000000000000e+03 0.000000000000000000e+00 8.591629000000000000e+06 1.000000000000000000e+05 6.839999999999999858e+00
1.219912000000000000e+06 1.848000000000000043e+01 2.132000000000000028e+01 1.894000000000000000e+11 2.026000000000000000e+11 4.197000000000000000e+10 4.914000000000000000e+11 1.110000000000000000e+04 3.942000000000000000e+10 6.181000000000000227e+01 3.100000000000000000e+06 4.327000000000000313e+01 4.600000000000000000e+05 1.962000000000000000e+05 4.434413600000000000e+07 4.844000000000000000e+06 2.240000000000000213e+00
5.047820000000000000e+05 1.009999999999999964e+01 9.630000000000000782e+00 2.184000000000000000e+11 2.290000000000000000e+11 1.725000000000000000e+11 9.376000000000000000e+11 2.330000000000000000e+04 2.220000000000000000e+11 4.419999999999999929e+00 9.789000000000000000e+06 7.951999999999999602e+01 1.497000000000000000e+06 7.099000000000000000e+03 4.034146200000000000e+07 1.756750000000000000e+07 1.280000000000000027e+00
6.561000000000000000e+04 1.563000000000000078e+01 6.490000000000000213e+00 6.228000000000000000e+09 6.697000000000000000e+09 5.306000000000000000e+09 8.058000000000000000e+10 4.000000000000000000e+03 7.265000000000000000e+09 1.434999999999999964e+01 2.000000000000000000e+05 7.317000000000000171e+01 7.500000000000000000e+04 0.000000000000000000e+00 2.006477600000000000e+07 8.814000000000000000e+05 1.850000000000000089e+00
2.505810000000000000e+06 3.517000000000000171e+01 9.160000000000000142e+00 2.400000000000000000e+09 2.581000000000000000e+09 3.395000000000000000e+09 7.619000000000000000e+10 1.900000000000000000e+03 3.496000000000000000e+09 6.250000000000000000e+01 3.000000000000000000e+05 5.853999999999999915e+01 7.000000000000000000e+04 3.450000000000000000e+05 4.018748600000000000e+07 9.000000000000000000e+05 4.849999999999999645e+00
1.632700000000000000e+05 1.839000000000000057e+01 7.160000000000000142e+00 1.845000000000000000e+09 1.984000000000000000e+09 4.950000000000000000e+08 1.885000000000000000e+09 4.300000000000000000e+03 6.040000000000000000e+08 2.357000000000000028e+01 2.000000000000000000e+04 6.895999999999999375e+01 1.400000000000000000e+04 1.200000000000000000e+04 4.381440000000000000e+05 7.980000000000000000e+04 2.339999999999999858e+00
1.736300000000000000e+04 2.771999999999999886e+01 2.526000000000000156e+01 1.173000000000000000e+09 4.020000000000000000e+08 9.001000000000000000e+08 6.018000000000000000e+09 5.100000000000000000e+03 1.140000000000000000e+09 6.926999999999999602e+01 2.700000000000000000e+04 3.564999999999999858e+01 3.500000000000000000e+03 0.000000000000000000e+00 1.173900000000000000e+06 4.620000000000000000e+04 3.700000000000000178e+00
4.499640000000000000e+05 1.035999999999999943e+01 1.035999999999999943e+01 1.381000000000000000e+11 1.428000000000000000e+11 1.217000000000000000e+11 2.554000000000000000e+11 2.840000000000000000e+04 9.797000000000000000e+10 2.770000000000000018e+00 5.125000000000000000e+06 8.040000000000000568e+01 3.286000000000000000e+05 0.000000000000000000e+00 9.001774000000000000e+06 6.579200000000000000e+06 1.659999999999999920e+00
4.129000000000000000e+04 9.769999999999999574e+00 8.480000000000000426e+00 5.453000000000000000e+10 6.347000000000000000e+10 1.307000000000000000e+11 2.519000000000000000e+11 3.380000000000000000e+04 1.211000000000000000e+11 4.389999999999999680e+00 2.556000000000000000e+06 8.039000000000000057e+01 2.904000000000000000e+05 0.000000000000000000e+00 7.489370000000000000e+06 5.419000000000000000e+06 1.419999999999999929e+00
1.851800000000000000e+05 2.828999999999999915e+01 4.879999999999999893e+00 2.432000000000000000e+10 2.615000000000000000e+10 6.086000000000000000e+09 6.044000000000000000e+10 3.400000000000000000e+03 5.042000000000000000e+09 2.953000000000000114e+01 2.200000000000000000e+05 7.003000000000000114e+01 2.400000000000000000e+05 5.250000000000000000e+05 1.844875200000000000e+07 2.099300000000000000e+06 3.500000000000000000e+00
3.598000000000000000e+04 1.264000000000000057e+01 6.379999999999999893e+00 1.474000000000000000e+11 1.585000000000000000e+11 1.705000000000000000e+11 5.762000000000000000e+11 2.530000000000000000e+04 1.654000000000000000e+11 6.400000000000000355e+00 1.380000000000000000e+07 7.726000000000000512e+01 9.880000000000000000e+05 5.000000000000000000e+02 2.289438400000000000e+07 1.335500000000000000e+07 1.570000000000000062e+00
1.431000000000000000e+05 3.257999999999999829e+01 8.390000000000000568e+00 1.441000000000000000e+10 1.508000000000000000e+10 1.130000000000000000e+09 7.950000000000000000e+09 1.100000000000000000e+03 1.300000000000000000e+09 1.107600000000000051e+02 4.100000000000000000e+03 6.456000000000000227e+01 2.000000000000000000e+04 2.500000000000000000e+02 7.163506000000000000e+06 2.421000000000000000e+05 4.049999999999999822e+00
9.450870000000000000e+05 3.815999999999999659e+01 1.671000000000000085e+01 2.566000000000000000e+09 2.727000000000000000e+09 1.248000000000000000e+09 2.371000000000000000e+10 7.000000000000000000e+02 1.972000000000000000e+09 9.854000000000000625e+01 2.500000000000000000e+05 4.524000000000000199e+01 1.700000000000000000e+04 0.000000000000000000e+00 3.676635600000000000e+07 1.491000000000000000e+05 5.059999999999999609e+00
5.140000000000000000e+05 1.569999999999999929e+01 7.019999999999999574e+00 1.061000000000000000e+11 1.189000000000000000e+11 8.791000000000000000e+10 5.248000000000000000e+11 8.100000000000000000e+03 8.084000000000000000e+10 2.048000000000000043e+01 6.971500000000000000e+06 7.156999999999999318e+01 7.850000000000000000e+05 2.250000000000000000e+05 6.544437100000000000e+07 6.617400000000000000e+06 1.879999999999999893e+00
5.678500000000000000e+04 3.347999999999999687e+01 1.180000000000000071e+01 4.512000000000000000e+08 1.088000000000000000e+08 6.631000000000000000e+08 8.684000000000000000e+09 1.600000000000000000e+03 8.249000000000000000e+08 6.660999999999999943e+01 2.100000000000000000e+05 5.264000000000000057e+01 1.000000000000000000e+04 0.000000000000000000e+00 5.681519000000000000e+06 6.060000000000000000e+04 4.610000000000000320e+00
7.480000000000000000e+02 2.517999999999999972e+01 5.349999999999999645e+00 2.306000000000000000e+07 2.479000000000000000e+07 2.700000000000000000e+07 2.440000000000000000e+08 2.300000000000000000e+03 8.600000000000000000e+07 1.261999999999999922e+01 2.900000000000000000e+03 6.953000000000000114e+01 1.000000000000000000e+03 0.000000000000000000e+00 1.124220000000000000e+05 1.120000000000000000e+04 3.000000000000000000e+00
5.128000000000000000e+03 1.281000000000000050e+01 9.369999999999999218e+00 5.341000000000000000e+09 5.743000000000000000e+09 6.671000000000000000e+09 1.148000000000000000e+10 1.050000000000000000e+04 4.650000000000000000e+09 2.430999999999999872e+01 1.380000000000000000e+05 6.890999999999999659e+01 2.400000000000000000e+04 1.400000000000000000e+05 1.088644000000000000e+06 3.251000000000000000e+05 1.750000000000000000e+00
1.636100000000000000e+05 1.550000000000000000e+01 5.089999999999999858e+00 1.005000000000000000e+10 1.072000000000000000e+10 9.926000000000000000e+09 7.088000000000000000e+10 7.100000000000000000e+03 1.152000000000000000e+10 2.476999999999999957e+01 6.300000000000000000e+05 7.489000000000000057e+01 8.700000000000000000e+04 7.258000000000000000e+04 1.007495100000000000e+07 1.163800000000000000e+06 1.750000000000000000e+00
7.805800000000000000e+05 1.682999999999999829e+01 5.959999999999999964e+00 1.179000000000000000e+11 1.397000000000000000e+11 6.946000000000000000e+10 5.087000000000000000e+11 7.400000000000000000e+03 9.450000000000000000e+10 4.103999999999999915e+01 5.500000000000000000e+06 7.235999999999999943e+01 6.195000000000000000e+05 4.800000000000000000e+04 6.966055900000000000e+07 1.891670000000000000e+07 1.939999999999999947e+00
4.881000000000000000e+05 2.767999999999999972e+01 8.779999999999999361e+00 8.908000000000000000e+09 1.141000000000000000e+10 4.000000000000000000e+09 2.760000000000000000e+10 5.700000000000000000e+03 2.850000000000000000e+09 7.307999999999999829e+01 8.000000000000000000e+03 6.139000000000000057e+01 6.300000000000000000e+04 1.625000000000000000e+05 4.952081000000000000e+06 3.740000000000000000e+05 3.410000000000000142e+00
2.360400000000000000e+05 4.739000000000000057e+01 1.280000000000000071e+01 1.401000000000000000e+09 1.775000000000000000e+09 6.217000000000000000e+08 3.939000000000000000e+10 1.500000000000000000e+03 1.306000000000000000e+09 6.782999999999999829e+01 1.250000000000000000e+05 5.159000000000000341e+01 8.750000000000000000e+03 0.000000000000000000e+00 2.726948200000000000e+07 6.100000000000000000e+04 6.740000000000000213e+00
6.037000000000000000e+05 1.049000000000000021e+01 1.642000000000000171e+01 1.320000000000000000e+11 1.800000000000000000e+11 3.291000000000000000e+10 2.991000000000000000e+11 6.300000000000000000e+03 3.145000000000000000e+10 2.033999999999999986e+01 3.800000000000000000e+06 6.684999999999999432e+01 3.030000000000000000e+05 7.200000000000000000e+04 4.742533600000000000e+07 1.083330000000000000e+07 1.399999999999999911e+00
8.288000000000000000e+04 1.878000000000000114e+01 4.259999999999999787e+00 3.651000000000000000e+10 4.512000000000000000e+10 6.948000000000000000e+10 6.367000000000000000e+10 2.520000000000000000e+04 4.566000000000000000e+10 1.450999999999999979e+01 1.110200000000000000e+06 7.523999999999999488e+01 3.100000000000000000e+05 2.335000000000000000e+06 2.563212000000000000e+06 1.135800000000000000e+06 2.939999999999999947e+00
2.448200000000000000e+05 1.077999999999999936e+01 1.017999999999999972e+01 3.374000000000000000e+11 3.959000000000000000e+11 3.472000000000000000e+11 1.782000000000000000e+12 2.960000000000000000e+04 4.394000000000000000e+11 5.160000000000000142e+00 2.500000000000000000e+07 7.837999999999999545e+01 1.692000000000000000e+06 1.957000000000000000e+06 6.044145700000000000e+07 3.489800000000000000e+07 1.659999999999999920e+00
9.631418000000000000e+06 1.414000000000000057e+01 8.250000000000000000e+00 3.660000000000000000e+12 3.839000000000000000e+12 7.950000000000000000e+11 1.175000000000000000e+13 4.010000000000000000e+04 1.476000000000000000e+12 6.500000000000000000e+00 1.590000000000000000e+08 7.770999999999999375e+01 1.965000000000000000e+07 7.800000000000000000e+06 2.957341340000000000e+08 1.815999000000000000e+08 2.080000000000000071e+00
1.762200000000000000e+05 1.408999999999999986e+01 9.060000000000000497e+00 5.878000000000000000e+09 8.536000000000000000e+09 2.200000000000000000e+09 4.927000000000000000e+10 1.450000000000000000e+04 2.071000000000000000e+09 1.194999999999999929e+01 4.000000000000000000e+05 7.612999999999999545e+01 4.150000000000000000e+04 0.000000000000000000e+00 3.415920000000000000e+06 9.465000000000000000e+05 1.909999999999999920e+00
4.474000000000000000e+05 2.621999999999999886e+01 7.950000000000000178e+00 4.666000000000000000e+10 4.770000000000000000e+10 3.700000000000000000e+09 4.759000000000000000e+10 1.800000000000000000e+03 2.820000000000000000e+09 7.109999999999999432e+01 4.920000000000000000e+05 6.418999999999999773e+01 1.420000000000000000e+05 1.433000000000000000e+05 2.685119500000000000e+07 1.717100000000000000e+06 2.939999999999999947e+00
1.220000000000000000e+04 2.305999999999999872e+01 7.900000000000000355e+00 4.503000000000000000e+07 4.842000000000000000e+07 2.660000000000000000e+07 5.800000000000000000e+08 2.900000000000000000e+03 1.380000000000000000e+08 5.515999999999999659e+01 7.500000000000000000e+03 6.249000000000000199e+01 6.000000000000000000e+02 0.000000000000000000e+00 2.057540000000000000e+05 6.500000000000000000e+03 2.770000000000000018e+00
9.120500000000000000e+05 1.891000000000000014e+01 4.900000000000000355e+00 8.930000000000000000e+10 8.970000000000000000e+10 3.584000000000000000e+10 1.452000000000000000e+11 5.800000000000000000e+03 1.498000000000000000e+10 2.219999999999999929e+01 1.274400000000000000e+06 7.431000000000000227e+01 5.000000000000000000e+05 2.600000000000000000e+06 2.537528100000000000e+07 2.841800000000000000e+06 2.259999999999999787e+00
3.295600000000000000e+05 1.707000000000000028e+01 6.200000000000000178e+00 3.206000000000000000e+10 3.448000000000000000e+10 2.372000000000000000e+10 2.272000000000000000e+11 2.700000000000000000e+03 2.631000000000000000e+10 2.594999999999999929e+01 3.500000000000000000e+06 7.060999999999999943e+01 1.850000000000000000e+05 3.594000000000000000e+05 8.353557600000000000e+07 4.402000000000000000e+06 1.939999999999999947e+00
5.279700000000000000e+05 4.307000000000000028e+01 8.529999999999999361e+00 2.827000000000000000e+09 3.040000000000000000e+09 4.468000000000000000e+09 1.625000000000000000e+10 8.000000000000000000e+02 3.734000000000000000e+09 6.150000000000000000e+01 1.000000000000000000e+05 6.175000000000000000e+01 7.800000000000000000e+04 4.175000000000000000e+05 2.072706300000000000e+07 5.422000000000000000e+05 6.669999999999999929e+00
7.526140000000000000e+05 4.138000000000000256e+01 2.023000000000000043e+01 5.345000000000000000e+09 8.167000000000000000e+09 1.548000000000000000e+09 9.409000000000000000e+09 9.000000000000000000e+02 1.519000000000000000e+09 8.829000000000000625e+01 6.820000000000000000e+04 3.970000000000000284e+01 1.100000000000000000e+04 0.000000000000000000e+00 1.126179500000000000e+07 8.840000000000000000e+04 5.469999999999999751e+00
3.905800000000000000e+05 2.973999999999999844e+01 2.466000000000000014e+01 1.122000000000000000e+10 8.839000000000000000e+09 1.409000000000000000e+09 2.437000000000000000e+10 1.900000000000000000e+03 1.599000000000000000e+09 6.768999999999999773e+01 5.000000000000000000e+05 3.667000000000000171e+01 2.300000000000000000e+04 0.000000000000000000e+00 1.274699000000000000e+07 3.009000000000000000e+05 3.540000000000000036e+00
